0.139812633395 -0.159610316157 1.12205183506  
0.102072499692 0.0455186627805 1.00241065025  
-0.0801355913281 0.35005825758 0.794809401035  
0.263375550508 0.561217844486 1.02520000935  
0.364047259092 0.934160649776 0.720386743546  
0.453895002604 1.22146868706 0.741459369659  
0.110422968864 0.956532418728 0.845527887344  
-0.061998218298 0.98643219471 0.565954864025  
-0.793081402779 1.28413724899 0.752226114273  
-0.208229735494 0.637648284435 0.714667141438  
-0.888965904713 -0.52920293808 1.43214130402  
-0.297536849976 0.145292550325 1.53087079525  
-0.717728674412 1.05577123165 0.848314583302  
-0.220604687929 1.77263474464 0.119467236102  
-0.883351445198 0.677402317524 0.4690528512  
-1.92003774643 1.1159542799 0.875402271748  
-0.597637474537 1.79172599316 0.703471839428  
0.270505547523 1.86773443222 -0.119458213449  
-0.124002471566 1.02006065845 -0.575846254826  
-0.128016680479 1.55951714516 -0.904777228832  
-0.0623898878694 1.11424648762 -0.161724731326  
0.234798699617 0.835738301277 -0.537023484707  
0.167193904519 1.34109723568 -0.865859270096  
-0.274101048708 1.46746861935 -0.592553794384  
-0.536146998405 1.57277953625 -0.771638870239  
0.11551810801 1.45189464092 0.194675609469  
0.880598127842 1.68814456463 -0.447963416576  
-0.192411825061 0.793577432632 -0.668761730194  
-1.14944720268 0.789004981518 -0.847113132477  
-1.2789170742 0.511611998081 -0.853371858597  
-0.488578677177 0.484593361616 -0.594850540161  
0.783422410488 0.973607420921 -0.21884727478  
1.08127534389 1.50614571571 -0.0205308366567  
1.50367152691 1.50758731365 0.19180342555  
1.57313537598 1.65528976917 0.201660886407  
1.0888915062 1.05216193199 0.21404658258  
1.62866234779 0.845603942871 -0.310418188572  
1.66445183754 0.821637034416 -0.980468571186  
1.23903441429 1.33625805378 -0.258570700884  
1.58595001698 0.911776125431 -0.21724717319  
1.02446234226 0.7493288517 0.136428341269  
-0.710487067699 0.28140231967 1.12806844711  
-0.397168755531 0.126112863421 0.793321073055  
0.157259657979 0.343481838703 1.0195274353  
-0.170439407229 0.808227777481 0.748539805412  
0.187515377998 0.32967209816 0.371753811836  
0.419260859489 0.432772785425 0.667395234108  
0.413693964481 0.610185265541 0.740212380886  
0.196367278695 0.972044289112 0.481509894133  
-0.248047173023 1.1196283102 0.779029369354  
-0.518852174282 0.821336388588 1.39249920845  
-1.06613850594 0.236011907458 1.63288581371  
-0.817807376385 0.889388918877 1.48140120506  
-0.906219780445 0.967885553837 0.586722373962  
-0.460416197777 1.19547152519 -0.150971889496  
-0.00350730330683 0.543643772602 0.0622190795839  
-0.538000524044 0.860144555569 -0.0606893226504  
-0.39937633276 1.51812469959 -0.073503151536  
-0.0516388714314 1.65365040302 -0.244089514017  
0.168255418539 1.98535192013 -0.62735003233  
-0.1846319139 1.35251402855 -0.647730767727  
0.0398895815015 0.836290717125 -1.1123508215  
-0.171505078673 1.07799828053 -0.766700863838  
0.121230319142 1.36566245556 -0.781670570374  
0.175468355417 0.664307296276 -0.734046936035  
0.168526679277 1.1822617054 -0.295261204243  
-0.2947678864 1.73959767818 -0.121901623905  
-0.0259409379214 1.45048344135 0.0518948100507  
-0.280833512545 -0.52081233263 -0.259661406279  
-0.962823808193 0.0740452706814 -0.889957249165  
-0.53834438324 0.504764676094 -0.832133352757  
0.514990925789 0.742277085781 -1.17173206806  
0.322726875544 1.49917113781 -1.02940404415  
0.927984595299 1.5891097784 -0.439800262451  
1.45843875408 1.24691665173 -0.268351644278  
1.36076450348 1.17361927032 0.101971507072  
1.1007963419 1.16329395771 -0.49928599596  
1.04191744328 0.945697665215 -0.507708728313  
1.18818044662 0.988867998123 -0.502589344978  
1.1665238142 0.614298045635 -0.0270638521761  
0.879093825817 0.305969774723 0.495308846235  
0.502797424793 0.171886354685 0.410137474537  
-0.325981855392 -0.192398771644 0.920924186707  
-0.31077465415 0.12586812675 1.37157797813  
0.383916527033 0.0384900644422 0.257723331451  
0.91508936882 0.419877827168 0.141041591763  
0.429029583931 0.0398770198226 0.426073849201  
0.479943573475 0.150904849172 -0.0261533409357  
0.374588936567 0.162354931235 0.63824403286  
0.421183794737 0.744453310966 1.06825840473  
0.615804731846 1.16952836514 0.173951596022  
-0.0652077049017 1.65576756001 1.33177053928  
-0.606658816338 1.85952448845 1.13472390175  
-0.329090505838 1.08515238762 0.78846758604  
-0.444570213556 1.24492955208 0.684141159058  
-0.417022079229 1.34222245216 0.0375153981149  
-0.322822272778 1.35743677616 -0.196647703648  
-0.752579927444 1.12566828728 -0.527463376522  
-0.55690985918 1.17037570477 -0.438266962767  
-0.571138679981 1.79050922394 -0.0928038358688  
-0.0525946170092 2.31326508522 -0.681428611279  
0.129506886005 1.39683377743 -0.763206243515  
-0.176663160324 0.870293498039 -1.0137373209  
-0.26676005125 1.24003100395 -1.08323359489  
0.0484929382801 0.763693571091 -0.79755872488  
0.0881495475769 0.409431636333 -0.730141997337  
0.139032453299 0.855632901192 -0.496677845716  
-0.285849452019 1.50278067589 0.0576719231904  
-0.174852311611 1.92221331596 -0.0670311227441  
-0.19873714447 0.570020973682 -0.267315387726  
-0.371226906776 0.800291836262 -0.923207581043  
0.150490611792 0.277488440275 -0.828662097454  
0.585765063763 1.01643073559 -1.04408192635  
0.454579949379 1.33456075191 -1.50299203396  
0.705304384232 1.32099878788 -0.43766477704  
1.39779031277 0.516233861446 -0.182044029236  
0.999523818493 0.889649868011 -0.259894549847  
0.633615851402 1.17797505856 0.103438206017  
0.30596730113 1.16302168369 -0.990482330322  
0.870447814465 1.17726945877 -0.936155438423  
0.0527951419353 0.60795634985 0.142195463181  
0.571674346924 0.747460186481 1.04065907001  
0.529076755047 0.859780073166 0.173239305615  
0.0298544466496 0.0258598905057 0.741291105747  
-0.186222806573 0.521339774132 0.412617683411  
0.168028071523 0.617364346981 0.350915700197  
0.568033516407 0.568205296993 0.568011164665  
0.624177098274 0.624345183372 0.624382436275  
0.667654693127 0.667857766151 0.667865395546  
0.125231713057 0.256005823612 1.00122916698  
0.401936233044 0.558760523796 0.922974288464  
0.015795737505 1.07261049747 1.00723445415  
0.238028094172 2.26139450073 0.986297547817  
-0.350268751383 2.4611093998 0.705566883087  
0.297277897596 1.32485342026 0.148002162576  
-0.257250189781 1.44219624996 0.40572026372  
-0.167347192764 1.90520131588 0.0827732533216  
-0.460032194853 1.2089921236 -0.353451609612  
-0.507924437523 1.15180242062 0.317046076059  
-0.306937485933 1.44790565968 -0.466761380434  
-0.871642172337 1.88867163658 -0.51129758358  
-0.0190506614745 1.98280286789 -0.462372660637  
-0.0840700641274 1.61770570278 0.253479450941  
-0.221933379769 1.35031759739 -0.0718819051981  
-0.112441249192 1.31007623672 -0.16329844296  
-0.0825932994485 0.961685419083 -1.32737457752  
0.670808672905 0.755277216434 -1.07155549526  
-0.188523262739 0.3868034482 -0.362127691507  
-0.135209083557 0.834293842316 0.25403419137  
-0.093014895916 1.48266863823 -0.356935143471  
-0.420567959547 0.966763019562 -0.251595139503  
-0.339482396841 0.272501558065 -0.84308552742  
0.0533578917384 0.176620930433 -1.25325930119  
0.547434389591 0.501385807991 -1.57751619816  
0.0945084393024 0.975145220757 -1.34616315365  
0.777271449566 1.17802298069 -0.873535990715  
0.821486592293 0.474384099245 -0.635247826576  
0.578488051891 0.854383587837 -0.359225571156  
0.558000147343 1.19775521755 -0.51179599762  
0.0571686588228 1.02094018459 -0.373434722424  
0.921614646912 1.26900577545 -0.835963129997  
0.809524178505 1.16958463192 0.360136002302  
1.17751407623 1.18402290344 0.869039714336  
0.162903785706 0.991732001305 0.274370729923  
0.4115922153 0.499246925116 0.69506418705  
0.250752925873 0.593451023102 0.306193143129  
0.264698654413 0.325712502003 0.582765161991  
0.593779861927 0.593891620636 0.593594014645  
0.660014092922 0.660057902336 0.660018205643  
0.714242100716 0.714196145535 0.71419864893  
0.230711191893 1.25410807133 0.977844059467  
-0.244721978903 1.23432219028 0.943143665791  
-0.196663469076 1.51583456993 0.815284371376  
-0.350436508656 2.05233836174 0.635588526726  
-0.46291077137 1.68185198307 1.01682519913  
-0.0193376708776 0.982323765755 0.396031320095  
0.138281732798 1.58693158627 0.0871923342347  
-0.602476477623 1.36256098747 0.165488347411  
-0.214840456843 1.20828652382 0.0956018865108  
-0.416516244411 1.038372159 0.962529361248  
-0.290908366442 1.38206112385 0.181710749865  
-0.286140590906 1.91244339943 -0.676277160645  
0.831583797932 2.09872341156 -0.642094790936  
0.479014933109 1.48531186581 0.0830049067736  
-0.222961902618 1.11851799488 0.392475366592  
-0.248755395412 1.32166910172 0.584302902222  
0.505856275558 0.936801373959 -0.422402918339  
0.742414057255 0.267240822315 -0.281561970711  
0.328995853662 -0.298923611641 -0.853177428246  
0.237298160791 0.468686282635 -0.239528626204  
0.0148495342582 0.507464528084 -0.486652642488  
-0.277678668499 0.588193118572 -0.771099984646  
-0.232099190354 0.0588392205536 -0.815445542336  
-0.499434381723 -0.0662171468139 -1.12457203865  
0.579202830791 0.435927301645 -1.56648123264  
0.663096368313 0.516700208187 -1.62395238876  
0.644601345062 0.435396581888 -1.36490368843  
0.609033644199 0.725259363651 -0.749559223652  
0.851281702518 0.398703426123 -0.498123288155  
0.577594041824 0.865272700787 -0.344911634922  
0.650713682175 0.840404689312 -0.0497610531747  
1.10895740986 1.13300526142 0.261444807053  
1.11085987091 1.21051216125 0.423444122076  
1.10215902328 1.1490945816 0.867777109146  
0.506072103977 0.971832573414 1.22266423702  
-0.285541445017 0.422467261553 1.05670261383  
0.47666144371 0.576855063438 0.925445079803  
0.702923715115 0.354298651218 1.14601969719  
0.60877841711 0.608879327774 0.608797252178  
0.684788942337 0.68466925621 0.684448778629  
0.749395489693 0.749334990978 0.749144434929  
-0.0323528535664 1.23563337326 0.724908351898  
-0.716702640057 1.03279232979 0.870288074017  
-0.194403126836 1.07835936546 0.727577567101  
-0.506866574287 1.39114105701 0.199413299561  
-0.553307414055 1.25620663166 0.165562391281  
-0.3431224823 0.950315475464 -0.0682561323047  
0.10600682348 1.45419728756 0.0437871813774  
-0.24478815496 1.23461103439 0.364279508591  
-0.164647385478 1.54447758198 0.0453201234341  
-0.293860822916 0.72078871727 0.249145016074  
-0.678731679916 1.80726385117 -0.245323911309  
-0.360390126705 1.49561297894 -0.542627811432  
0.724085390568 1.45299804211 -0.598928868771  
0.763298690319 1.3260871172 -0.917041361332  
0.834423243999 1.00922453403 0.332588911057  
0.383732795715 1.19185066223 0.789289057255  
0.198590651155 0.53125244379 0.442598640919  
1.20967280865 0.241449102759 -0.156215846539  
0.375662863255 0.0441901236773 -0.355740875006  
0.162148490548 0.409740000963 0.177228793502  
-0.583283483982 0.386507153511 -0.398193359375  
-0.285628467798 -0.00601189769804 -0.368642270565  
-0.0363141708076 0.0362963452935 -1.06288743019  
0.0383916795254 0.0796714574099 -1.70980572701  
0.465605318546 1.01854133606 -1.78743672371  
0.834731578827 0.639453530312 -1.60115861893  
1.26839971542 -0.0330894030631 -1.95342314243  
1.36323165894 0.0481479614973 -1.2967761755  
0.892033040524 0.299482315779 -0.24726781249  
0.950357794762 0.700841426849 0.364790022373  
0.896721720695 0.282892376184 0.376537054777  
1.00517427921 -0.136248454452 0.371604979038  
1.29018902779 0.75369399786 0.750325143337  
0.900397598743 1.58045494556 0.841077983379  
1.07662189007 1.21104824543 0.908361315727  
0.265378892422 0.352720707655 0.671178519726  
0.19108633697 0.130134165287 1.07606208324  
0.671363651752 0.407566308975 1.08897900581  
0.687934279442 -0.30120459199 0.994296491146  
0.363304525614 0.347357928753 0.454359203577  
0.384500592947 0.945469796658 1.13840937614  
-0.0826659426093 0.84730297327 1.13549995422  
-0.0299632176757 0.955734670162 1.01029908657  
-0.0943232625723 0.977368474007 0.616599321365  
1.22289323807 1.23381149769 -0.34749469161  
-0.097724288702 0.912253081799 -0.515922546387  
-0.420492351055 1.41135692596 -0.584135770798  
-0.365632086992 1.45076823235 -0.455118536949  
0.502628147602 1.69806623459 0.265897989273  
0.489161849022 2.02871322632 0.157781764865  
0.144832745194 1.14831829071 -0.019521150738  
-0.328900188208 1.34784388542 -0.560984551907  
0.670395672321 1.60549008846 -0.180964246392  
0.545985758305 1.26736700535 -0.165979743004  
0.920941412449 0.858932375908 0.414322763681  
1.12826144695 0.998537242413 0.973979532719  
0.604026317596 0.889785349369 1.23084902763  
0.334556609392 0.628191351891 0.594129681587  
1.09826385975 0.0697178170085 -0.425760447979  
0.680424511433 -0.118916921318 -0.240021929145  
0.0348925255239 0.413051754236 0.0684124007821  
0.0412012338638 0.0849818810821 -0.539795458317  
-0.467631518841 -0.0951742231846 -0.360442042351  
0.102095395327 -0.580707013607 -0.459370344877  
0.0256863608956 -0.761263251305 -1.23865497112  
0.356297135353 0.391033351421 -0.882690131664  
1.43983530998 0.144489124417 -0.657960355282  
2.01219201088 0.236810922623 -1.05307769775  
1.42697358131 0.123573340476 -0.836562395096  
0.560330629349 -0.0813563987613 0.0893030762672  
1.06340754032 0.103047199547 0.292598694563  
0.872418403625 0.400020688772 0.377481728792  
1.13237631321 0.355318307877 0.868797779083  
1.49032592773 1.87285280228 0.74178725481  
0.986146569252 1.94271326065 0.859486818314  
1.17579913139 1.8298895359 0.862889945507  
0.602113366127 0.510900914669 -0.0561351031065  
0.20592418313 0.261575490236 0.347888946533  
1.12972760201 0.268832325935 0.782259166241  
1.01799356937 0.246059477329 0.658256173134  
0.296977102757 0.381700754166 -0.00233114813454  
0.10551764816 0.62459051609 0.220338627696  
-0.3629565835 0.440142154694 0.310135245323  
0.375793784857 0.454976409674 0.132839336991  
0.730993688107 0.396453022957 0.186553180218  
0.493812054396 0.583840727806 0.233173564076  
0.0861103311181 0.533792316914 -0.277938574553  
-0.703545331955 1.06313705444 -0.486479610205  
-0.18416698277 1.27602088451 -0.155606001616  
-0.056511644274 1.47032165527 0.346650451422  
0.0582752004266 1.42145037651 0.137318819761  
-0.339926660061 1.34882879257 -0.656877040863  
-0.518763542175 1.47418236732 -0.587576389313  
0.456291139126 1.42547357082 -0.238387554884  
0.787784159184 1.09712946415 0.420060396194  
1.48622298241 1.45128941536 0.66363132  
1.02165198326 1.06600284576 1.14382910728  
0.194937005639 0.782895743847 0.968442440033  
0.203011602163 0.433701366186 0.293477267027  
0.333131343126 0.121472373605 -0.0936908051372  
0.680537998676 0.299587905407 0.128911152482  
-0.383600473404 0.611698627472 0.222954452038  
0.165495783091 0.361785978079 -0.498163610697  
-0.054874446243 -0.426874607801 -0.071253336966  
0.421513974667 -0.385174632072 -0.0732630863786  
0.513128519058 -1.01462602615 -0.545341312885  
0.479136377573 -0.523624837399 -0.507188498974  
1.06841087341 -0.0309438426048 -0.156578063965  
1.58484959602 0.709199786186 -0.106461785734  
1.34495329857 0.0353213809431 0.0321151390672  
0.192480221391 0.221399590373 0.309856832027  
0.963670909405 0.0751717835665 -0.21922364831  
0.875992357731 1.13870763779 0.254348307848  
1.43784892559 1.44192957878 1.07900047302  
1.46335995197 1.31195521355 1.1724178791  
1.67114245892 1.47937142849 1.06423294544  
2.1278860569 1.50677907467 1.36633598804  
0.830473959446 -0.154393523932 -0.105961702764  
0.725699186325 0.113093666732 0.998952150345  
0.916997373104 0.708958208561 0.486968636513  
0.289606660604 0.622687518597 0.134588763118  
-0.427890360355 0.266220748425 -0.132590174675  
-0.557719230652 0.811114668846 -0.214739918709  
0.0806601643562 0.569399416447 0.192698538303  
1.57133316994 0.679190039635 0.0861085131764  
1.42582046986 0.377684593201 0.0336460918188  
1.22626519203 0.0311961360276 0.146584108472  
-0.0136726479977 0.453550845385 0.0773791074753  
-0.792866110802 0.430110931396 0.259512096643  
-0.312185943127 0.261198401451 0.114654071629  
-0.167193844914 0.478813320398 0.248190045357  
0.0617230981588 1.04928088188 0.322173267603  
-0.214132264256 1.77318632603 -0.372712880373  
-0.578811109066 1.67252957821 -0.196081012487  
0.23601205647 0.874845266342 0.0839734897017  
1.15727210045 0.902251362801 -0.127111494541  
1.75791621208 1.30931055546 0.389863312244  
0.786047160625 1.07494413853 0.493941694498  
0.107884787023 0.683145403862 -0.335274010897  
-0.178255856037 0.222102835774 -0.116251125932  
0.0909638702869 0.478481769562 -0.253439933062  
0.118395507336 0.3598267138 -0.366497844458  
-0.290634691715 0.689387857914 -0.491718500853  
-0.028134252876 0.483314394951 -0.423603385687  
0.642293512821 0.437180399895 -0.176073119044  
0.332542866468 -0.348995774984 -0.291194200516  
0.4500438869 -0.661160469055 -0.358025103807  
0.184889495373 -0.673164188862 -0.033249091357  
0.522979915142 -0.0778556540608 0.0934456959367  
0.640939950943 -0.173207327724 0.501177668571  
0.400712251663 -0.0768814310431 0.548760473728  
0.0624756366014 0.284015655518 0.0833368003368  
0.182052329183 0.228565558791 -0.526627480984  
0.999789118767 1.08052027225 0.49865847826  
1.835029006 2.17436289787 0.68646478653  
1.28439950943 1.45908236504 1.239128232  
1.29258024693 1.39105904102 1.15880918503  
2.19168186188 1.44912719727 1.36424767971  
0.476916670799 -0.862429201603 0.326023548841  
0.164842784405 -0.157469972968 1.07601988316  
0.383198648691 0.274689286947 0.838561475277  
-0.338545262814 0.552060127258 -0.0956203117967  
-0.570948064327 0.11952777952 0.0466810427606  
-0.34220969677 0.386668384075 -0.236638695002  
-0.152949541807 0.770090758801 -0.447039008141  
1.20907008648 0.887743473053 -0.341185480356  
1.59534394741 0.845690965652 -0.148810997605  
0.439436793327 -0.247522726655 -0.469282120466  
-0.862322092056 -0.109354108572 -0.0614361725748  
-0.591602146626 0.114107422531 0.101578600705  
-0.40584141016 0.00378580344841 0.206981569529  
-0.375222444534 0.569588899612 -0.160302072763  
-0.204754412174 0.448074609041 -0.263165861368  
-0.398125082254 1.21849834919 -0.983985841274  
-0.357472449541 0.910770773888 -0.154666125774  
-0.108952090144 0.143790557981 0.185647174716  
0.642685830593 1.19326329231 -0.402372181416  
0.521671950817 1.22247004509 0.239804834127  
0.664864242077 0.525375068188 0.419332921505  
-0.0758453905582 0.463140487671 -0.590895295143  
-0.172215402126 0.639603674412 -0.239321425557  
-0.254326820374 0.151941746473 -0.163695409894  
-0.630083143711 0.371223956347 -0.642159342766  
-0.638625442982 0.307226121426 -0.843526124954  
0.675068378448 0.186152666807 -0.833769738674  
0.159591287374 -0.0733690410852 -0.536382973194  
-0.0448811799288 -0.273587167263 -0.77128213644  
0.638540506363 -0.850725591183 -1.19158840179  
0.50671339035 -1.00490343571 -0.756732344627  
0.234764575958 -0.574050784111 -0.270037710667  
-0.217897385359 0.480083912611 0.248951330781  
0.164299562573 0.258646398783 0.0720587745309  
0.195831432939 0.130590572953 0.406899183989  
0.101669974625 0.11132568121 -0.185772031546  
0.907876074314 0.360030561686 0.478288412094  
1.84641933441 1.21920025349 0.236305162311  
1.25693500042 1.4656034708 0.858545005322  
1.37512755394 1.085465312 1.36276292801  
1.97419667244 2.0657184124 1.44398355484  
-0.538864314556 -0.795593261719 0.47463414073  
0.00884067174047 -0.145236596465 0.81415694952  
-0.474245369434 0.0393099300563 0.416052699089  
-0.353373557329 0.385766714811 -0.315279513597  
-0.457020998001 -0.349824786186 -0.0337220020592  
-0.0220828354359 0.129469498992 -0.290406793356  
0.776187181473 0.11376708746 -0.171480432153  
1.1876193285 -0.252905189991 -0.701583981514  
1.2020714283 0.421266496181 -0.364165008068  
0.226920574903 -0.0784879922867 -0.782830059528  
-0.835508882999 -0.102822452784 0.0052910335362  
-0.428198575974 -0.190839871764 0.0158345587552  
0.31351339817 -0.128655850887 0.290501862764  
0.0899386703968 0.118425369263 -0.574302911758  
-0.023312272504 0.210762470961 -0.212640479207  
-0.498699218035 0.306146740913 -0.903061807156  
0.0811275541782 0.347217708826 -0.14573161304  
0.177598252892 -0.162103056908 -0.0973887518048  
0.169338986278 0.849990725517 -0.34716707468  
0.335705131292 0.666113138199 0.270959109068  
-0.0460847131908 -0.390838831663 0.375078737736  
-0.380354940891 0.318283170462 -0.268574774265  
-0.349445343018 0.61099511385 -0.681567847729  
-0.578103005886 -0.106815800071 -0.388893812895  
-0.668029785156 -0.0214940402657 -0.936261534691  
-0.732154130936 0.477151811123 -1.19772005081  
-0.173713862896 0.0892344266176 -0.960844397545  
-0.238706633449 -0.0351610518992 -1.14966261387  
0.31494474411 0.040462244302 -0.841413080692  
0.477640897036 -0.344971477985 -0.948089778423  
0.649908483028 -0.561440706253 -0.974106490612  
0.757631599903 -0.15973675251 -0.269102782011  
0.767721056938 0.142515823245 -0.0912300124764  
0.46866363287 -0.209682568908 -0.122199885547  
0.891333281994 -0.157955110073 0.149506911635  
0.841039299965 -0.485900014639 0.502182066441  
1.00096988678 -0.519720733166 0.28887784481  
1.76570355892 -0.0405605696142 0.16636826098  
1.92588460445 0.161484092474 0.262919068336  
1.92335498333 0.680716812611 1.10697221756  
1.54747271538 1.12791848183 1.54774439335  
-0.683746337891 -0.106459282339 0.243187531829  
-1.33941328526 -0.824172019958 -0.0798867344856  
-1.02940928936 -0.632519721985 -0.239059045911  
-0.936463117599 -0.110508389771 -0.365858584642  
-0.685341358185 -0.129929021001 -0.506274282932  
-0.233807787299 -0.884151697159 0.10091932863  
0.452405631542 -1.10916352272 -1.09589183331  
0.886788725853 -0.940436661243 -1.00942850113  
0.660800635815 -0.521841108799 -0.290760844946  
-0.184485048056 -0.565993666649 -0.648850619793  
-0.953892707825 -0.474283903837 -0.201844573021  
-0.780269265175 -0.319134950638 -0.299249708652  
0.0237757228315 -0.449436962605 -0.383513122797  
-0.152443170547 -0.635768711567 -0.9359562397  
0.282769620419 -0.542858421803 -0.808027923107  
0.0597657598555 -0.304009199142 -0.874735116959  
0.114545352757 0.0713228285313 -0.513747692108  
-0.162852630019 -0.121283650398 -0.234754100442  
0.133415862918 0.481023222208 0.426858872175  
0.0738673135638 -0.129609182477 -0.276185959578  
0.287653535604 -0.622222006321 -0.520086288452  
0.241213902831 -0.266915887594 -0.583622813225  
-0.049681276083 0.0718476846814 -2.13787984848  
0.141950786114 -0.894785404205 -1.48330104351  
-0.874436378479 -0.428944647312 -0.578337550163  
-0.775126695633 -0.0961017087102 -1.00074124336  
-0.00516448821872 0.0517109408975 -1.32442224026  
0.39719620347 -0.393742203712 -0.776040196419  
0.592376112938 -0.201274752617 -1.76777744293  
0.785094022751 -0.585559129715 -1.03155779839  
0.903191864491 -0.704541742802 -0.767136216164  
0.68985158205 -0.0419638045132 -0.397566556931  
0.584578037262 0.116883039474 0.492963403463  
1.06852328777 -0.556727707386 -0.0295063890517  
0.946278870106 -0.554916501045 -0.104277901351  
1.49769103527 -0.410274654627 -0.026200639084  
1.43227112293 -0.134281754494 -0.187419712543  
1.80531644821 0.100271463394 -0.15636575222  
2.04039263725 -0.261189579964 0.000269058975391  
2.01579666138 0.426451534033 0.958076119423  
1.70421695709 0.793361365795 0.830906569958  
-1.19665586948 -0.378458619118 -0.666828513145  
-1.3550812006 -0.664279341698 -0.446956932545  
-1.26535511017 -0.897998392582 -0.658190071583  
-0.80470085144 -0.128228694201 -0.499639809132  
0.0106376362965 -0.0730094239116 -1.10652959347  
0.679770588875 -1.18004369736 -0.761339485645  
0.844075858593 -1.5174087286 -1.60543167591  
1.2898542881 -1.20061552525 -1.11977434158  
0.564459562302 -0.78518974781 -0.752464711666  
0.529288291931 -0.403007358313 -0.9701166749  
-0.0927892625332 -0.159163549542 -1.19066524506  
-1.20182669163 -0.431202739477 -1.07770717144  
-0.51529198885 -0.400250643492 -1.46488249302  
-0.349980503321 -0.630804479122 -1.5675150156  
0.00994829740375 -0.891990184784 -1.31569230556  
0.371670275927 -0.634244024754 -1.38773787022  
0.0413492918015 -0.777405679226 -0.745084345341  
-0.299781560898 -0.324171721935 -0.258498609066  
-0.00749139674008 -0.592499315739 0.149798482656  
0.462536334991 -1.10569655895 -0.13732881844  
0.443361133337 -1.13478648663 -0.616596698761  
0.453818887472 -0.578331530094 0.387902617455  
0.53700453043 -0.925884544849 -0.815095603466  
0.217506170273 -0.654471099377 -1.68743109703  
-0.2471498698 -0.494271934032 -0.607904553413  
0.00753672746941 -0.244665011764 -1.26072919369  
0.710991203785 -0.4379080832 -1.05075263977  
0.442465215921 -0.498781323433 -1.17874062061  
0.411317139864 -0.25161164999 -1.30082845688  
-0.0320842377841 -0.342215895653 -1.09160709381  
0.531448066235 -1.29558241367 -0.108673155308  
1.1574203968 -0.720634698868 -0.313946098089  
0.528602182865 -0.456143498421 -0.176744028926  
0.667761623859 -0.767123043537 0.137213215232  
0.673524558544 -0.259828001261 -0.25148794055  
1.3432533741 -0.853708922863 -0.127642795444  
1.22903811932 -0.484995156527 -0.0143503807485  
1.49474787712 -0.121317327023 -0.468170136213  
1.9814696312 -0.328382521868 -0.441730320454  
2.0301194191 0.462416708469 0.27499255538  
1.87124443054 0.672908306122 1.02559411526  
-1.24109518528 -0.834717512131 -0.711648285389  
-0.94192558527 -0.528772354126 -0.787205398083  
-0.430011987686 -0.817671358585 -0.723590016365  
0.261335074902 -1.18550539017 -1.45639002323  
0.268207371235 -1.20399069786 -1.45304346085  
0.706919491291 -1.43606805801 -1.42558419704  
1.15372312069 -1.76391112804 -1.48211061954  
1.10124719143 -1.37830495834 -1.56412112713  
0.567921876907 -0.751271724701 -1.37017476559  
1.11274600029 -0.778839051723 -1.09589183331  
1.16768717766 -0.806199252605 -1.442035079  
0.129146739841 -1.11074388027 -1.44167351723  
-0.358852177858 -0.427463144064 -1.57658243179  
-0.708311498165 -0.935108959675 -1.93442511559  
-0.292094767094 -0.660851657391 -1.29510188103  
0.181089162827 -0.865878224373 -1.01976299286  
0.135599687696 -0.93170440197 -0.987950742245  
0.425507545471 -0.668448925018 -0.605688035488  
0.0446919389069 -1.37982833385 -0.0875616893172  
-0.413601338863 -1.53411531448 -0.155945003033  
-0.359254866838 -1.37794113159 -0.288399398327  
-0.233802452683 -0.428058236837 0.350370258093  
0.304895937443 -1.03973209858 -0.288098484278  
0.368207097054 -0.730741322041 -0.940342664719  
0.595013916492 -0.501875042915 -0.992621660233  
1.19146811962 -0.227373823524 -0.601520717144  
1.18989014626 -1.06203842163 -0.832882881165  
0.66629832983 -1.07877731323 -1.23542666435  
0.415743052959 -0.91415554285 -1.54152011871  
-0.0377740599215 -1.3157377243 -1.74401879311  
0.332171410322 -1.56724381447 -0.659856975079  
0.0718725919724 -1.20298290253 -0.429778188467  
1.03676068783 -0.988855421543 -0.262827068567  
0.863182663918 -0.965474069118 -0.0274009797722  
1.03238129616 -0.802560806274 -0.588225543499  
0.944882631302 -0.722662210464 -0.103969752789  
0.844261407852 -0.92100417614 -0.246107369661  
1.0029271841 -0.550445914268 -0.444062799215  
1.86374509335 -0.895329654217 -0.390130907297  
2.1639509201 -1.0784457922 -0.169864490628  
2.36478352547 -0.206413954496 0.250126302242  
-1.07679831982 -1.07498884201 -1.07203710079  
-0.988764345646 -1.12001156807 -1.05788314342  
0.133737877011 -1.31547212601 -0.54934412241  
1.01515853405 -1.30260300636 -1.31939864159  
1.01325690746 -1.69389057159 -1.35945796967  
0.663311183453 -1.67423081398 -1.65054094791  
0.8473777771 -1.92836475372 -1.33842778206  
0.570173740387 -1.4106657505 -0.999305903912  
0.371192127466 -1.12334239483 -0.680943131447  
0.846053779125 -0.938163995743 -0.83429479599  
0.937709093094 -0.80712467432 -1.00936448574  
0.735784709454 -1.1367585659 -1.65363800526  
0.347546756268 -0.442100673914 -1.93854165077  
-0.200509056449 -1.04479074478 -1.46214747429  
-0.245750501752 -0.854655504227 -1.49872779846  
-0.185811340809 -1.45131194592 -1.12328577042  
0.224460601807 -1.67892956734 -1.38835668564  
0.517354249954 -0.912020802498 -1.13432097435  
0.212876245379 -1.23768281937 -0.401579231024  
-0.412253379822 -0.847882032394 -0.669838547707  
-0.0611956007779 -1.03692162037 -0.0412756614387  
-0.237597540021 -0.640440821648 0.555345892906  
-0.412171423435 -0.724213480949 0.0465490967035  
0.325293958187 -0.836448729038 -0.0687218382955  
0.241857632995 -0.272858440876 -0.275161236525  
0.596233963966 -0.372135698795 -0.394294023514  
0.432651311159 -1.24422478676 -0.648730456829  
-0.259864419699 -1.87602841854 -1.06820619106  
0.216564655304 -1.43593025208 -1.34369766712  
-0.321474462748 -1.71992635727 -0.779436290264  
-0.347617834806 -1.91848647594 -0.554611682892  
-0.766242802143 -0.965630531311 -0.375214904547  
0.198383674026 -1.39609134197 -0.502609670162  
0.881035268307 -2.02023243904 -0.893967151642  
1.30556845665 -1.79184353352 -0.963862478733  
0.775980949402 -0.99122107029 -0.638747632504  
0.81286585331 -1.3567391634 -0.0622077025473  
1.56515717506 -1.27511608601 -0.370666354895  
2.350897789 -1.27477109432 -0.594579577446  
2.54259848595 -1.35918915272 0.642771482468  
2.71372079849 0.205797821283 0.428720235825  
-1.70249032974 -0.453475534916 -1.34599649906  
-0.551871299744 -1.33418321609 -1.60519552231  
0.15586091578 -1.8507502079 -1.33285224438  
0.654245555401 -1.80403792858 -1.5646930933  
1.32854318619 -1.51774120331 -1.08188319206  
1.36296284199 -1.61857938766 -1.55322825909  
0.701781928539 -1.96566748619 -1.16123187542  
0.211964413524 -1.62415504456 -0.729566991329  
0.154571160674 -1.15758657455 -0.826967954636  
0.709679067135 -1.53851258755 -1.07404124737  
1.30299270153 -1.57524728775 -0.858595967293  
0.667282581329 -1.24546682835 -1.5148806572  
-0.125541850924 -1.11354792118 -2.17691302299  
-0.0158265270293 -1.09529459476 -1.53627872467  
0.226451873779 -1.36714065075 -1.80053412914  
0.290341049433 -0.912592113018 -1.60167694092  
0.199287995696 -0.859405100346 -0.922300696373  
0.251850277185 -0.767808496952 -1.45646476746  
-0.150134831667 -1.364325881 -1.44894230366  
0.0785890668631 -1.42049205303 -0.521019041538  
0.905316114426 -1.0238802433 -0.0256520994008  
0.178989231586 -1.03052186966 0.198797911406  
0.17268101871 -1.64037740231 -0.529272854328  
0.510822415352 -1.67588424683 -0.106199137866  
0.0153736267239 -0.920804798603 -0.8377135396  
-0.753866136074 -0.932380080223 -0.803411185741  
-0.272404879332 -1.79268538952 -0.321111142635  
-0.490089714527 -2.0674097538 -0.459997832775  
-0.446865439415 -2.15061903 -0.850073635578  
-0.005391378887 -1.77264249325 -0.742459475994  
-0.0058109597303 -1.70755827427 -1.08021020889  
-0.112126775086 -1.44241845608 -0.186032161117  
0.183704420924 -1.6652623415 -0.548489451408  
0.373850673437 -1.91948235035 -1.02516043186  
0.690570473671 -1.43421149254 -1.54019188881  
0.843961536884 -0.929159939289 -0.803104281425  
1.52880895138 -1.12457787991 -0.694485008717  
1.7932254076 -1.29333662987 -1.29328918457  
1.600435853 -1.24252188206 -0.997340977192  
2.61584186554 -0.991173326969 -0.372106790543  
2.35992121696 0.0604731291533 -0.24677374959  
0.405115097761 -0.785858690739 -1.86729514599  
0.50696259737 -1.96339488029 -1.57944405079  
0.729205846786 -2.37023496628 -1.97554457188  
0.828369498253 -1.64493715763 -0.921819865704  
1.08317947388 -1.73626863956 -1.27004480362  
1.24830627441 -1.74139380455 -1.14771175385  
0.961672306061 -1.55075824261 -0.592424988747  
0.624478518963 -1.93037295341 -0.50908267498  
0.417244553566 -1.95808470249 -0.52747130394  
0.957965135574 -1.60679256916 -1.43027126789  
1.7357364893 -1.44464766979 -1.31436145306  
0.952571570873 -1.07379043102 -1.68648850918  
0.646032214165 -0.676793992519 -1.65556895733  
0.708319187164 -0.971841037273 -1.61264979839  
0.664850234985 -1.28841602802 -1.63486397266  
0.403729170561 -0.82165235281 -1.05821835995  
0.398170381784 -0.497199982405 -1.15057301521  
0.788988888264 -0.949564635754 -0.977606415749  
0.0917314589024 -1.65846395493 -1.30915558338  
0.617825686932 -1.61674129963 -0.895420730114  
0.969856500626 -1.31704604626 -0.612276315689  
0.533950090408 -1.08934366703 -0.435479998589  
0.196991324425 -1.9325273037 -1.17777919769  
-0.0411327369511 -1.95002448559 -0.922922134399  
0.196756750345 -1.28665351868 -0.673636734486  
-0.425665080547 -1.06420719624 -1.09891700745  
-0.618502438068 -1.3571703434 -0.759251356125  
-0.153419867158 -1.83405077457 -0.644768357277  
-0.289770722389 -1.85302460194 -1.35910820961  
0.407645732164 -1.53914439678 -1.26174509525  
0.176019847393 -1.40479111671 -0.672183930874  
-0.00279161520302 -1.50018119812 -1.20933687687  
0.137096807361 -1.43725836277 -0.650467097759  
0.682650625706 -1.46639037132 -0.990705788136  
1.00917553902 -1.30784618855 -1.20932006836  
0.720463573933 -1.52727305889 -1.47053825855  
0.785743236542 -1.49846386909 -0.733454585075  
1.28783202171 -1.05883562565 -1.47117316723  
1.48683714867 -0.944214880466 -0.653053760529  
2.26626396179 -0.869491219521 -0.357160121202  
1.30502486229 -0.399922996759 -0.20717485249  
0.514592289925 -1.78405761719 -1.40866374969  
0.696627616882 -2.38097214699 -1.77718067169  
1.02968859673 -2.91973519325 -2.22207808495  
0.584829866886 -2.40387439728 -1.86571037769  
1.18130552769 -2.60171127319 -1.28091883659  
1.06771218777 -2.1779654026 -0.98521733284  
1.37648820877 -1.92888593674 -1.57350695133  
1.10617387295 -1.81888127327 -0.879335284233  
1.15876317024 -1.56802451611 -0.952059566975  
1.0015617609 -1.60992622375 -1.215264678  
2.07346749306 -1.04372167587 -0.901252925396  
1.00784122944 -0.762042880058 -1.20645678043  
1.28914821148 -0.536737859249 -1.19373083115  
1.06541991234 -0.415269136429 -1.46148240566  
0.102173268795 -1.05462729931 -1.15757775307  
0.928949356079 -0.942180812359 -1.78360164165  
0.774034917355 -0.488924086094 -1.98102676868  
0.92286491394 -0.507345974445 -1.51188719273  
-0.295450180769 -1.14634823799 -1.42796206474  
-0.0885106548667 -1.22481620312 -1.55473279953  
0.240168437362 -0.985136032104 -1.64946365356  
0.330597877502 -2.09952163696 -1.06930983067  
0.666982889175 -2.23996829987 -1.37917423248  
0.506725847721 -1.9093708992 -1.48915803432  
0.233031764627 -0.955623209476 -0.907000720501  
0.390682697296 -1.04081523418 -0.954409182072  
-0.197450518608 -1.18658471107 -1.36827099323  
0.316427588463 -1.30046117306 -1.20281052589  
0.282187819481 -1.59634685516 -1.55959701538  
0.359623789787 -2.3160982132 -1.01044070721  
0.328094363213 -1.90142190456 -1.15063607693  
0.373405009508 -1.33175873756 -1.79326963425  
-0.0165319684893 -1.4360268116 -1.50551748276  
-0.0203780122101 -1.87958228588 -1.1139241457  
-0.0964532494545 -1.77979326248 -0.734076917171  
0.0869807451963 -1.3342820406 -0.770553946495  
0.692673444748 -1.50943684578 0.0978791937232  
0.777279794216 -1.48111462593 -0.511680305004  
1.31937754154 -1.06128966808 -0.163600429893  
1.82779586315 -0.197291597724 -0.496482282877  
1.46245098114 -0.186218932271 0.484780669212  
0.351712405682 -2.40083384514 -1.5831745863  
0.754569292068 -2.21744513512 -2.34346413612  
0.125500693917 -2.24602818489 -2.17209005356  
0.295635670424 -2.34813189507 -2.13589262962  
0.590161859989 -2.78893375397 -1.97713303566  
0.738240420818 -2.14588165283 -2.08073496819  
1.04239749908 -1.76578092575 -2.46267080307  
1.70657944679 -1.7478659153 -1.20072436333  
1.95141601562 -1.77662086487 -1.37277317047  
1.7371083498 -1.23780691624 -1.35252678394  
1.69905436039 -0.668150782585 -1.39270925522  
1.38302135468 -0.865631937981 -1.88637042046  
1.18470883369 -0.803373634815 -1.99739158154  
1.14634728432 -0.455030202866 -1.73744511604  
0.764692306519 -0.471565246582 -1.70730042458  
0.740102887154 -0.781690239906 -1.31708729267  
1.14218151569 -0.601101100445 -1.54672586918  
0.86722689867 -1.02720820904 -1.533416152  
0.583929479122 -1.71559679508 -1.84543371201  
0.0293492041528 -1.32002282143 -1.94722664356  
0.415451586246 -1.68364489079 -1.22578394413  
0.365658253431 -2.08731770515 -0.848927795887  
0.489734530449 -2.06309652328 -1.32483887672  
0.0655919611454 -1.86580705643 -1.18717861176  
0.244604662061 -1.41890776157 -0.744711577892  
-0.111076891422 -0.818353891373 -0.780198872089  
0.0197906028479 -1.08760011196 -1.84037661552  
0.321976840496 -1.50692045689 -1.63816428185  
0.394424915314 -1.49162685871 -1.35881257057  
0.820669591427 -2.26341867447 -1.31664013863  
0.735084235668 -2.10930156708 -1.34625291824  
0.645592033863 -1.50821959972 -1.47737753391  
0.580141186714 -1.95588588715 -1.25077259541  
0.434763163328 -2.514128685 -0.802679181099  
-0.0434981845319 -2.09778428078 -0.29703822732  
0.757906317711 -1.73846209049 -0.035093870014  
1.14669680595 -1.62802100182 0.323389202356  
0.896671593189 -1.05794215202 -0.347557574511  
1.23627281189 -0.59380710125 -0.283239126205  
0.935582280159 -0.0580031685531 0.0955717042089  
1.03895866871 0.10761770606 0.227236613631  
0.264819353819 -2.13798189163 -0.900390625  
0.214586764574 -2.51440238953 -2.03840398788  
-0.471432238817 -2.49436187744 -2.22760272026  
0.139975368977 -1.9080426693 -2.00578427315  
0.384362518787 -2.36509227753 -2.01393389702  
1.14587950706 -2.26926541328 -2.09308099747  
1.26601183414 -2.0505361557 -2.75975871086  
1.8980679512 -1.64924764633 -2.19522833824  
2.22085380554 -1.38821923733 -1.68866729736  
1.6719533205 -0.834471404552 -1.80691981316  
1.37616062164 -0.660353958607 -1.77662658691  
1.46179425716 -1.09249675274 -1.72209489346  
1.45800352097 -0.758228063583 -1.23451769352  
0.915909230709 -0.764699280262 -1.60651612282  
1.56764113903 -0.19095133245 -1.83314073086  
1.44490242004 0.155150800943 -1.59865403175  
1.52948749065 -0.165203914046 -1.41063785553  
0.788931787014 -0.861221313477 -0.899046003819  
0.628900885582 -1.57532346249 -1.12893307209  
0.757051646709 -1.47292375565 -1.16875696182  
0.824836492538 -1.79658412933 -1.28785336018  
0.846112370491 -1.99987673759 -1.4605050087  
0.287790775299 -1.73513555527 -1.58129370213  
-0.0939916297793 -1.3121689558 -1.38508069515  
0.219448581338 -1.35015058517 -1.2021406889  
0.134443745017 -1.05180537701 -1.15172290802  
0.0650981813669 -1.27691686153 -1.78042221069  
0.63040626049 -1.82832145691 -1.67494642735  
0.473030954599 -1.45810103416 -1.19357192516  
0.493645101786 -1.7384390831 -0.788734734058  
0.707798659801 -1.8853366375 -1.2237534523  
0.677582621574 -2.19075655937 -1.08002722263  
1.13937187195 -2.31591081619 -0.725830078125  
0.78672504425 -2.89157533646 -0.768466174603  
0.247054666281 -2.54138946533 -0.147054031491  
0.833976864815 -1.28565049171 -0.0277468990535  
1.00966787338 -1.19116437435 -0.438838094473  
1.28965175152 -0.681744933128 0.0984073057771  
1.51318359375 -0.238948076963 -0.386615097523  
0.565768003464 -0.248763844371 0.763232946396  
0.117319352925 0.456879734993 0.80149948597  
0.0135788954794 -1.70314085484 -1.35598289967  
-0.298910677433 -2.69889426231 -1.53124904633  
-0.589265108109 -2.42026042938 -1.56880569458  
-0.122060365975 -1.59499812126 -2.31373882294  
0.529730856419 -1.80470430851 -2.23020935059  
1.57892072201 -1.6313495636 -2.28261137009  
1.86307942867 -1.78709387779 -1.9284863472  
1.58034479618 -1.78341853619 -2.1066429615  
1.74179065228 -1.17929446697 -0.996491849422  
1.83398771286 -0.702323555946 -1.51636600494  
1.57251465321 -1.1557097435 -1.07893383503  
1.67499494553 -0.951522171497 -0.686463832855  
1.83645188808 -1.37461030483 -0.63879597187  
1.45482218266 -0.416667461395 -1.57230842113  
1.7564265728 -0.166171252728 -1.6054418087  
1.59196090698 -0.469193816185 -1.94924509525  
1.91056251526 -1.11649918556 -1.84496533871  
0.90635818243 -1.02290225029 -0.970603585243  
0.454406112432 -1.45926213264 -1.27806568146  
0.346965968609 -1.22002840042 -1.04838275909  
0.531864821911 -1.65551829338 -1.00061678886  
0.124361723661 -1.5697914362 -0.770507514477  
0.298416823149 -1.74910104275 -1.67231547832  
0.471536785364 -1.05397307873 -1.40982818604  
0.11460275203 -0.638233304024 -1.21222388744  
0.932405173779 -0.992262423038 -1.10133838654  
0.216597318649 -1.15845000744 -1.17223632336  
0.64790391922 -1.58178091049 -1.11222302914  
0.671575903893 -1.49722862244 -1.4098123312  
0.499056220055 -0.51344025135 -1.33525145054  
0.487601011992 -1.01941502094 -0.616319835186  
1.0637909174 -1.41737020016 -0.00736879464239  
0.946648776531 -2.05511212349 0.129422158003  
0.580374062061 -2.08611631393 -0.281530320644  
0.699836671352 -1.67797756195 0.378478169441  
0.42095965147 -1.25803685188 -0.166891604662  
0.953999042511 -0.772308886051 0.233432456851  
0.929392814636 -0.592498600483 -0.283167421818  
0.864093601704 -0.781040608883 -0.0476020462811  
0.844915568829 0.0947487875819 0.203196614981  
0.0728338882327 0.794911384583 0.0547180846334  
-0.129504963756 -1.74726605415 -1.24664747715  
-0.449175804853 -1.83629357815 -1.23758769035  
-0.78917658329 -1.68419754505 -1.39502358437  
-0.0106552410871 -0.797833025455 -1.44696354866  
0.438597172499 -0.346133202314 -1.77374517918  
0.653940141201 -1.52457094193 -1.58402776718  
0.978003203869 -1.51405000687 -1.12720644474  
1.26371860504 -1.2986894846 -1.78769254684  
1.26915729046 -1.63883316517 -1.77129733562  
1.51357352734 -1.78096759319 -1.28391170502  
1.6125087738 -1.86339175701 -1.18542003632  
1.48979139328 -1.23160147667 -1.02652359009  
2.02783489227 -1.01451480389 -0.850040316582  
1.72882890701 -0.564687669277 -1.35442566872  
1.48653650284 0.083381138742 -1.93410408497  
1.74524021149 -0.745810925961 -1.60140299797  
1.60507035255 -1.36319363117 -1.60108244419  
0.921719551086 -1.30646598339 -1.42586171627  
-0.464723527431 -1.00631463528 -0.686409294605  
-0.0965157076716 -1.20512008667 -1.06799519062  
0.664671242237 -1.47606062889 -1.09403920174  
0.267120093107 -1.53790581226 -1.04661786556  
0.473571121693 -1.9743938446 -1.10397481918  
0.483107507229 -1.56847679615 -1.17265880108  
0.40741828084 -1.10304415226 -0.972836792469  
0.946393787861 -0.909651637077 -0.501969158649  
-0.104111716151 -1.22547411919 -0.263624787331  
0.652732431889 -1.24608469009 -0.342184126377  
1.07280659676 -1.47256398201 -0.577851355076  
1.01459300518 -0.535770654678 -0.915605127811  
0.646873056889 -1.03696918488 -0.927080154419  
0.385567754507 -1.48940014839 -0.647288858891  
0.223110988736 -2.03083372116 -0.293401479721  
0.837580621243 -2.00993013382 0.233074516058  
0.448974519968 -1.02222311497 0.413715600967  
0.0940388068557 -0.526435375214 0.027181532234  
0.368513435125 -0.0654836073518 -0.120980359614  
0.997513055801 -0.304724752903 -0.462329655886  
0.657222032547 -0.478463202715 0.342758268118  
0.594638049603 -0.444967776537 -0.162625387311  
0.216031491756 -0.0410492755473 0.0603199526668  
-0.638870239258 -1.47787320614 -1.5649985075  
-0.920489251614 -1.18674826622 -1.25268614292  
-0.766063809395 -0.72281229496 -0.951099634171  
-0.363141894341 -0.648282945156 -0.846535801888  
0.0697601735592 -1.47694468498 -0.399363964796  
0.598391115665 -2.5713531971 -0.307588458061  
0.840350091457 -1.97153532505 -0.964971363544  
1.05781722069 -1.18998205662 -1.29868614674  
0.901893615723 -1.30537307262 -1.58589601517  
1.81435763836 -1.34561181068 -0.651179850101  
1.3798981905 -1.27301800251 -1.39519500732  
1.6402785778 -0.785555183887 -0.796518027782  
2.24489355087 -1.14885616302 -1.78963422775  
2.07696390152 -0.975465536118 -2.50652384758  
1.27695667744 -0.296807765961 -1.66501128674  
1.25762534142 -0.973878920078 -1.14833748341  
0.720674693584 -1.090082407 -0.917637050152  
0.174829021096 -1.44385588169 -0.849069535732  
-0.0320793092251 -0.853046059608 -1.03311443329  
-0.343473017216 -1.1954665184 -0.500852406025  
-0.0433655194938 -1.80430078506 -0.690671682358  
0.135165259242 -1.2834559679 -0.639665186405  
0.330275267363 -1.40842866898 -0.379823744297  
0.330052793026 -1.07891666889 -0.478174448013  
0.182945176959 -1.20129776001 -1.05130410194  
0.538919508457 -0.930530786514 0.348518490791  
0.612517356873 -0.691229343414 0.621677160263  
1.01465308666 -0.821218073368 -0.142658114433  
1.55637276173 -1.56734406948 -0.125151649117  
1.35416066647 -1.51157355309 -0.74278730154  
1.18917441368 -1.73394203186 -0.978757858276  
0.376010447741 -1.78447544575 -0.96920645237  
-0.247325122356 -1.61754834652 -1.22118115425  
0.281059294939 -1.67186689377 -0.382768392563  
0.596507966518 -1.58676111698 -0.101960867643  
0.251892775297 -0.975045800209 -0.0484776832163  
0.514001131058 -0.521687150002 0.108492076397  
0.555284202099 -0.659979760647 0.110086075962  
0.155505865812 -1.01004588604 0.327401131392  
0.33869433403 -0.450671523809 0.565000832081  
0.0754761919379 -0.502286195755 -0.0122614549473  
-1.06197798252 -0.615211069584 -1.27449512482  
-0.620672464371 -0.909368515015 -0.964085578918  
-0.426151245832 -0.534245967865 -0.778640091419  
-0.319938868284 -0.304756432772 -1.11793100834  
0.414438456297 -1.29692351818 -0.214291334152  
0.542959928513 -1.91471350193 -0.721183478832  
0.782798469067 -1.32438802719 -1.14193308353  
0.964965999126 -1.02719378471 -1.04681861401  
2.06253647804 -0.625227928162 -1.45442569256  
2.14503073692 -0.841048896313 -1.19434082508  
1.79667448997 -0.796763122082 -1.39611756802  
1.90708434582 -1.12543416023 -1.28582978249  
1.65965354443 -1.23822724819 -1.71120357513  
1.89326775074 -0.571412444115 -1.65029788017  
1.17355465889 -0.665024399757 -1.418009758  
0.980163753033 -0.596642792225 -1.34888553619  
0.64328032732 -0.370967388153 -0.206726968288  
0.650330126286 -1.45339465141 -0.636164426804  
0.410187244415 -1.31826496124 -0.589710056782  
0.512331783772 -1.90963375568 -0.426366329193  
0.0709868147969 -1.41336560249 -0.127261996269  
0.292079657316 -1.2490375042 -0.00809559319168  
0.773037314415 -1.05276501179 0.415932387114  
1.28518652916 -1.21704006195 0.874929308891  
1.02336788177 -0.90680372715 0.513993501663  
1.57910656929 -0.970387518406 0.0455825850368  
1.48797631264 -0.661553680897 0.433650672436  
1.34138524532 -1.22801327705 0.0863358899951  
1.3250399828 -2.08198952675 0.179740831256  
1.77383363247 -2.33059501648 -0.671141028404  
1.31523525715 -3.09157824516 -1.1135225296  
0.871689558029 -2.17929553986 -1.08933949471  
-0.011570006609 -1.64073455334 -1.41401076317  
0.204910635948 -1.44832122326 -0.727731764317  
0.556172788143 -1.38784348965 -0.531720638275  
0.356983095407 -1.03730010986 -0.345892757177  
0.0572828352451 0.0562034845352 0.176412776113  
0.0719135180116 -0.155073091388 -0.0627454295754  
0.191102430224 -0.637143790722 0.242662608624  
0.100815221667 -0.924186468124 0.637984395027  
0.0864127352834 -0.497493028641 0.377624303102  
-1.26809620857 -0.473467469215 -1.00205564499  
-0.703993976116 -0.481066763401 -0.431296348572  
-0.323796123266 -0.670684278011 -0.482054561377  
-0.489620685577 -0.795026242733 -0.405524253845  
-0.605708658695 -0.875399887562 -0.423527002335  
0.0589782856405 -1.33879888058 -0.264887452126  
1.32380390167 -1.66562831402 -0.910467982292  
1.46346390247 -0.887641012669 -1.04417228699  
1.88228476048 -0.363646328449 -1.15513420105  
2.21666669846 -0.203349992633 -0.844553053379  
1.87612140179 -0.893666982651 -1.41119062901  
1.63712394238 -1.33536398411 -1.60851895809  
2.26131701469 -0.634446501732 -1.58725714684  
1.59200525284 0.545906305313 -1.43498492241  
1.13646304607 -0.0446814671159 -1.03149056435  
0.859771609306 -0.394866108894 -1.21511757374  
0.461990475655 -0.449676126242 -0.697454929352  
0.511265873909 -0.69474542141 -0.915187835693  
0.474329560995 -1.1364736557 -0.0595168471336  
0.843527317047 -1.73636353016 0.331098020077  
0.517900705338 -1.53367185593 -0.136707752943  
0.889773666859 -1.10250115395 0.18767927587  
0.878781557083 -0.713024199009 0.679865002632  
1.16846704483 -1.30192518234 0.283994406462  
0.908146977425 -0.696258664131 0.650520980358  
1.52632272243 -0.012203999795 0.802896440029  
1.35256767273 0.254901170731 1.24540996552  
1.51474487782 -0.664912223816 0.896182119846  
1.62454664707 -2.0556333065 0.613676428795  
1.6744954586 -2.85002827644 -0.351233541965  
1.16303527355 -3.11956763268 -0.758061170578  
0.903677582741 -3.02157878876 -1.04555642605  
0.187672227621 -1.59536969662 -1.61939477921  
0.742702841759 -1.95896291733 -1.01558899879  
1.04474329948 -2.00129294395 -0.457873284817  
0.99624478817 -1.164285779 -0.331515967846  
0.510695397854 0.528222680092 0.040864046663  
0.485423773527 -0.324162244797 0.433370709419  
0.371563017368 -0.501648247242 0.529038667679  
0.577572762966 -0.691148400307 0.551054120064  
0.148752808571 -0.539380192757 0.0678083896637  
-1.43809080124 -1.01517355442 -1.43489861488  
-1.40671956539 -0.409621328115 -1.02015221119  
-0.641554415226 -0.9227835536 -0.783063590527  
0.0283064972609 -0.576029717922 -0.40906894207  
-0.00921292416751 -0.348101884127 -0.509848356247  
-0.0771341472864 -1.01354491711 -0.546775639057  
0.593918800354 -1.2042979002 -0.710600018501  
1.34360098839 -1.10158443451 -0.989742636681  
1.68909204006 -0.909400224686 -0.965564370155  
1.97730016708 -0.534212231636 -1.43414962292  
1.47874367237 -0.282062858343 -1.77158486843  
1.71172463894 -0.739108264446 -1.39974379539  
2.09473180771 0.0851935967803 -1.53481662273  
1.39681088924 0.626245319843 -0.811808466911  
0.836230576038 0.0528926961124 -1.11129319668  
0.763753592968 -0.179074406624 -0.692201137543  
0.785056710243 -0.454092800617 -0.574260294437  
0.336264878511 -0.231082975864 -0.452199876308  
0.369799345732 -0.645217001438 -0.0250120405108  
0.726700544357 -1.44549429417 -0.203578934073  
1.11780166626 -1.48082017899 -0.239445179701  
0.857941091061 -0.986296892166 0.472152024508  
0.926369011402 -0.507441163063 0.826246261597  
1.23527693748 -0.820156216621 0.321977198124  
0.653650522232 -0.500629484653 0.886058151722  
0.772775828838 -0.304688543081 1.41568422318  
0.820178508759 -0.335017859936 1.43308079243  
1.50629997253 -0.846709311008 1.35601949692  
1.14856219292 -1.64001488686 0.714293777943  
0.874565958977 -2.59490966797 -0.246734976768  
0.501857101917 -2.56888532639 0.13556972146  
0.435517609119 -2.701846838 -0.0285046882927  
0.240193724632 -2.23978447914 -0.572175979614  
1.05954241753 -1.88624215126 -0.291763305664  
0.862522721291 -1.60755717754 0.230600342155  
1.03192746639 -1.44696199894 0.379172384739  
0.565002083778 -1.18985414505 1.04457700253  
0.388876736164 -0.76748663187 1.33675158024  
0.119555406272 -0.238470315933 1.4103679657  
0.113665647805 -0.38974571228 0.846779882908  
0.058052316308 -0.799980580807 0.509540677071  
-1.23737311363 -0.816173315048 -1.78172361851  
-1.10717582703 -0.664760351181 -1.60268092155  
-0.738812744617 -0.300257235765 -0.845987379551  
-0.0380008593202 -0.984533965588 -0.762531101704  
0.182086333632 -0.606555759907 -1.10319519043  
-0.425812870264 -0.684709310532 -0.706359326839  
0.591677427292 -0.535711526871 -1.26838326454  
1.55083096027 -0.64664888382 -0.698627531528  
1.30003249645 -0.168326944113 -0.82454675436  
1.21120381355 -0.125537201762 -1.27219951153  
1.74010753632 -0.185975894332 -1.02940607071  
1.49887216091 0.40986469388 -1.27529251575  
1.77756655216 0.990817964077 -1.18026852608  
1.28485286236 0.11699706316 -0.0670689567924  
1.02365362644 -0.0514209344983 -0.845896601677  
0.95721578598 -0.401149660349 -1.20275306702  
0.0975427925587 -0.871615111828 -0.784373879433  
-0.681822240353 -0.499932914972 -0.456352323294  
-0.0576546154916 -0.726181566715 -0.158311724663  
0.32168585062 -1.22969663143 -0.231424644589  
0.655782282352 -1.88878059387 -0.203786179423  
1.2892434597 -0.650666773319 0.28388312459  
1.15890645981 -1.47215056419 0.233220413327  
1.37843823433 -0.803335130215 0.156460389495  
1.0077214241 -0.212561741471 -0.0784512907267  
1.05970954895 -0.147985875607 0.642540574074  
1.10202407837 -0.830008864403 0.999816417694  
1.70328736305 -0.909442067146 1.36541855335  
1.51651239395 -1.45537722111 1.1514787674  
0.603859603405 -1.92108786106 0.332115054131  
0.266809105873 -1.76058530807 0.29996034503  
0.250313043594 -2.3791577816 -0.0609569661319  
0.191945686936 -1.90656793118 0.462599754333  
0.378852784634 -1.52389764786 0.239399343729  
1.14529776573 -1.40232098103 1.06655538082  
1.30276417732 -1.56991803646 1.04310369492  
0.936488568783 -1.71549057961 1.36876153946  
0.505023896694 -2.3733124733 1.54294621944  
0.388273596764 -1.46981060505 1.21769237518  
0.440590858459 -0.240064933896 1.08310270309  
-0.208054944873 -0.986958146095 1.47256076336  
-0.317545175552 -0.892466962337 -1.40662336349  
-0.415876597166 -0.404677718878 -1.45943021774  
-0.188009694219 0.314434349537 -0.530754685402  
-0.0320029370487 -0.272280842066 -0.800288379192  
0.435911178589 -0.551410496235 -0.985705077648  
0.318016856909 -0.24847728014 -0.730308949947  
0.590260326862 -0.228387102485 -0.576222419739  
0.874574542046 -0.317207187414 -0.993000626564  
0.940256536007 -0.208227783442 -1.09306967258  
0.939504802227 -0.0360963083804 -0.43103531003  
1.15954005718 0.356246650219 -0.459644109011  
1.69541168213 0.821191251278 -0.351993888617  
1.66647946835 0.654482185841 -0.71935737133  
1.62668979168 0.730976879597 -0.418646842241  
0.927975416183 -0.535499989986 -0.509573459625  
0.630501449108 -0.692609906197 -0.793173849583  
-0.173129320145 -1.08269846439 -0.572882056236  
-0.709891438484 -1.21288788319 -0.686788797379  
-0.603377759457 -0.820563733578 -0.648891448975  
-0.147673457861 -1.10232114792 0.0391378328204  
1.13811123371 -1.01370477676 -0.620876550674  
1.1026031971 -0.450243920088 -0.829540550709  
0.968603074551 -0.914158165455 -0.377050578594  
1.37742137909 -0.184360548854 0.518747091293  
1.05447149277 0.350379317999 0.550933539867  
0.842332661152 0.522048354149 0.364058405161  
1.04080057144 -0.789807975292 1.02080368996  
0.870920062065 -1.33956849575 1.14368093014  
0.867967009544 -1.2725174427 0.493620187044  
0.471256643534 -1.93751680851 0.116104468703  
-0.218874052167 -1.6837053299 0.122191540897  
0.305796384811 -1.85229730606 0.571506679058  
0.0548926256597 -1.52282202244 0.647593080997  
0.305744916201 -1.15201222897 -0.140527889132  
1.02053892612 -1.3642604351 -0.0509139634669  
1.03238618374 -1.54723405838 0.33095023036  
0.720881819725 -1.26723086834 0.950661957264  
-0.0959982648492 -2.12273859978 1.15057611465  
0.16690774262 -1.39585709572 1.39663898945  
0.197339296341 -0.49203273654 0.781973302364  
-0.138727858663 -1.07565522194 0.706620395184  
-0.613196790218 -0.50461602211 -1.27354741096  
-0.14661103487 -0.219251543283 -1.19064962864  
-0.277256518602 0.0357587598264 -0.533562600613  
-0.166854947805 -0.153467103839 -0.822402179241  
0.876877248287 -0.298552632332 -0.50949048996  
0.968509376049 -0.699317157269 -0.808363080025  
1.19314539433 -0.182965114713 -0.61061757803  
0.895578980446 -0.224325686693 -1.25008928776  
0.949612021446 0.302577257156 -1.45606911182  
1.03619527817 -0.179349005222 -0.437576502562  
1.15488111973 -0.136365890503 -0.76709830761  
1.50023436546 0.319922536612 -0.663645505905  
1.60622322559 0.206590905786 -0.933471918106  
1.07361268997 0.460914343596 -0.410306304693  
1.28938400745 -0.301717996597 -1.06286501884  
1.92156016827 -0.841846525669 -0.493445634842  
0.0952864214778 -1.0243293047 -0.373926073313  
-0.68925589323 -0.995641410351 -0.702407598495  
-0.262559294701 -1.04090201855 -0.691089749336  
0.522656202316 -0.83705073595 -0.665987074375  
1.12877142429 -0.567309081554 -0.520104408264  
1.60447096825 -0.213191568851 -0.223451599479  
1.65992748737 -0.48081740737 -0.785650551319  
1.46095585823 0.0525466650724 -0.427175104618  
1.00382590294 -0.200036123395 0.634776413441  
1.17322981358 -0.127992644906 0.626771509647  
1.211399436 -0.82183521986 1.56532824039  
0.932891488075 -1.23309314251 1.05671322346  
0.248846441507 -1.0978500843 1.04123997688  
0.208092004061 -1.2980401516 0.534891486168  
-0.00441259378567 -1.39493715763 0.103006444871  
0.742997467518 -1.26524138451 1.00056421757  
0.540413141251 -1.15765082836 1.0146343708  
0.415102034807 -0.790189802647 0.181328058243  
1.2491518259 -0.975497603416 0.366738200188  
1.56047201157 -0.673140764236 0.310713499784  
0.537056982517 -0.749317109585 0.444047898054  
0.532015621662 -1.44716310501 0.821641623974  
0.638173639774 -1.0284627676 1.53133523464  
0.0684057995677 -1.03823149204 0.938981354237  
0.0795757547021 -1.29596889019 0.859140813351  
-0.719199538231 -0.0178102515638 -0.392419815063  
-0.426162689924 -0.00445861695334 -0.859080314636  
0.055372428149 -0.44523909688 -0.536498844624  
-0.188131630421 -0.363433718681 -0.0993983596563  
0.43792784214 -0.858308196068 -0.0778632089496  
0.551238179207 -0.535232007504 -0.545316576958  
1.03851616383 -1.15462243557 -0.493633389473  
1.33423960209 -0.470221668482 -0.236246079206  
0.716408371925 0.464809328318 -0.834009230137  
0.972833037376 0.443736225367 -0.699491918087  
0.510127007961 -0.0647155791521 -1.07645237446  
1.19677722454 0.0436806119978 -1.25352287292  
1.41904115677 -0.124497577548 -1.5042361021  
1.5574709177 -0.182031914592 -1.21473515034  
1.06898880005 -0.0201409701258 -0.857160210609  
1.41094887257 -0.400116920471 -0.393261432648  
0.0185575913638 -0.707323372364 -0.215751588345  
0.828098297119 -0.40338870883 0.0601875633001  
0.431329399347 -1.02454304695 -0.652303278446  
0.854681074619 -0.245730668306 -1.06371331215  
1.30132317543 -0.0226969029754 -0.726861774921  
1.37916707993 0.030226547271 -0.122048199177  
1.45368945599 -0.176756680012 -0.637650251389  
1.04482603073 0.233725085855 -0.221238583326  
1.02415287495 0.102497592568 0.93893134594  
1.09880900383 -0.829779446125 0.868532896042  
1.27602744102 -1.16273260117 1.13694512844  
1.10673034191 -0.85505259037 1.20810437202  
0.760301291943 -0.532196700573 0.763940572739  
-0.0515968687832 -1.01253437996 0.619549095631  
0.317342102528 -1.04163444042 0.342132776976  
0.763279497623 -1.08704781532 1.05684316158  
0.868754446507 -0.254882484674 0.835022330284  
0.612731277943 -0.95295882225 0.724986851215  
1.21105456352 -0.44821369648 0.850927114487  
0.89834010601 0.0352518595755 0.333463698626  
0.560028672218 -0.847007632256 0.542993485928  
0.268208146095 -1.47681856155 0.923580884933  
0.449266076088 -1.18137550354 1.43605303764  
0.809348344803 -0.518710136414 1.10940611362  
0.408967971802 -0.101430669427 1.07570791245  
-0.908600568771 -0.250358074903 -1.02323913574  
-0.281455785036 0.0943847447634 -0.92748349905  
-0.244979262352 -0.285614699125 -0.446682214737  
-0.332309544086 -0.381026566029 0.211637631059  
0.0253605861217 -0.0270183086395 -0.347828090191  
0.41996011138 -0.313980698586 -0.647601544857  
0.93417018652 -0.93027472496 -0.531342506409  
0.778202950954 -0.363667607307 -0.288299530745  
0.433019191027 0.842391967773 -0.352109491825  
0.119725957513 0.295262873173 -0.517992258072  
0.0590035431087 0.425872087479 -1.2039577961  
0.297878086567 0.376109778881 -1.34366393089  
1.86470854282 -0.082866281271 -1.68607020378  
1.52514159679 -0.796160757542 -1.03670179844  
0.805453121662 -0.502159714699 -0.819008409977  
0.598916292191 -1.04312193394 -0.352303564548  
0.792742848396 -0.435508280993 -0.589389562607  
2.03299283981 0.0605022087693 -0.405906945467  
1.68610310555 -0.27613979578 -0.542194962502  
1.02652072906 -0.0519268661737 -0.796634316444  
1.3662968874 -0.793881177902 -1.40092873573  
1.14614105225 -0.0524020716548 -0.91668254137  
0.920811772346 0.120755627751 0.140277266502  
0.967763185501 0.0926717072725 0.134462863207  
1.6176867485 0.0103255016729 0.457214802504  
1.34166884422 -0.357274860144 0.563515543938  
1.52851057053 -0.864194393158 -0.111247256398  
1.21199274063 -0.825987160206 0.540708005428  
0.870363414288 -0.160116672516 0.232678219676  
0.160749405622 -0.845843732357 0.940850019455  
0.205385044217 -0.693461894989 0.656581401825  
0.474412053823 -0.531538844109 0.520147502422  
0.346122354269 -0.233018115163 0.788790881634  
1.18944299221 0.0174282472581 0.867909312248  
0.768568396568 -0.551438212395 0.366332799196  
0.367966115475 -0.375866740942 0.331099897623  
0.615379571915 -0.701569676399 0.756735026836  
1.02481937408 -1.00651943684 0.737676620483  
0.34590408206 0.0339765064418 1.63681280613  
0.607273101807 0.663472831249 0.692343175411  
0.581264019012 0.481046050787 0.494893729687  
-0.0831025913358 -0.38925409317 -0.79274815321  
-0.0665215104818 -0.451041519642 -0.757695436478  
0.229022711515 -0.316169887781 -0.374772310257  
0.165955320001 -0.132140114903 -0.498774379492  
0.0877721011639 -0.0234413184226 0.105767011642  
-0.313081234694 0.456518888474 -0.0349307134748  
0.486635267735 0.0691611692309 -0.00897479522973  
0.214125782251 0.318289577961 -0.277803301811  
-0.468988925219 0.524251997471 0.25381526351  
-0.665499687195 0.242751210928 -0.123983226717  
-0.265061199665 0.600997209549 -0.852907180786  
0.709642529488 0.154293090105 -0.878908872604  
1.33158266544 0.0483305975795 -0.767983734608  
1.33534419537 -0.0990704968572 -0.832908630371  
1.13135373592 -0.363141924143 -1.04066324234  
1.13203406334 -0.868433952332 -0.766787946224  
1.36066067219 -0.0096269948408 -0.62314260006  
2.12454175949 0.17774374783 -0.350229293108  
1.63748776913 -0.339704066515 0.00155764748342  
1.72388327122 -0.23291516304 0.169431433082  
1.28981888294 -0.126518055797 -0.820201873779  
0.813297688961 -0.000667903746944 -1.08308577538  
0.58553558588 0.430537253618 -0.484256029129  
0.855310618877 -0.342895388603 -0.366692215204  
1.56264734268 -0.144237399101 0.1598225981  
1.56194663048 -0.447951972485 1.18188846111  
1.09553360939 -0.750251829624 0.515422940254  
1.10657346249 -0.415021836758 -0.164286702871  
1.44579815865 0.295365184546 -0.0618554279208  
0.275556892157 0.227835804224 -0.296164482832  
0.192207366228 -0.100137203932 0.022441804409  
0.241877555847 0.0293725579977 0.136838436127  
0.147420778871 0.116245962679 0.528235971928  
0.682913899422 -0.704930067062 0.689432322979  
1.26410794258 -0.491248488426 0.74956959486  
0.64057302475 -0.231104806066 0.802505612373  
0.259067624807 -0.0845923125744 0.626308500767  
0.644683718681 0.0683616995811 0.628754496574  
0.803289473057 0.909486234188 0.573777914047  
0.929653704166 0.0348538979888 0.878838181496  
0.125533744693 0.139425471425 0.419835627079  
-0.018295366317 -1.0296818018 -0.490248382092  
-0.155741021037 -0.240500301123 -0.8373888731  
-0.215151876211 -0.100018106401 -1.04643809795  
0.260650664568 -0.457451969385 -1.14580309391  
-0.0813864469528 -0.264643669128 -0.00872885715216  
0.423142313957 0.0734690949321 -0.401695519686  
0.412555754185 -0.0157360974699 0.187645077705  
-0.186924353242 -0.094910889864 -0.568837702274  
-0.252665728331 -0.32519865036 -0.518752753735  
-0.455474615097 0.641514003277 -0.190015792847  
0.46624815464 -0.191733658314 -0.287527829409  
0.88829010725 -0.0422446615994 -0.317734926939  
0.809702455997 0.432076007128 -0.517749845982  
0.293731004 -0.736153960228 -0.565735638142  
0.831842064857 -0.588453173637 -0.845575034618  
1.14438390732 -0.850785076618 -0.940022170544  
1.85906565189 -0.195281207561 -0.413277953863  
1.99495887756 0.496167838573 0.170048609376  
1.74819004536 0.101351439953 0.102097630501  
1.80412530899 0.202701687813 -0.177790015936  
1.21838819981 -0.201287552714 -0.143735542893  
0.865167498589 -0.0876726284623 -0.415934056044  
0.568735778332 0.095438323915 0.18905313313  
0.771876454353 0.289480805397 0.300337910652  
1.13073444366 -0.394746154547 0.295695990324  
1.87289345264 -0.773514091969 1.17320179939  
0.924892008305 -0.641784846783 0.489248991013  
1.11639273167 -0.357234954834 0.332884073257  
0.925620436668 0.631904542446 0.333201915026  
0.107006333768 0.48245254159 -0.0775012895465  
0.0241522397846 -0.170660287142 -0.0733392611146  
-0.00983518362045 0.41962441802 0.420804053545  
-0.261432558298 -0.339678913355 -0.00783222634345  
0.393954843283 -0.483108967543 0.256794691086  
0.890734314919 -0.713856399059 0.384509682655  
0.654848456383 -0.657899856567 0.262392908335  
0.495946228504 -0.193922534585 0.866950690746  
0.890368282795 -0.886008679867 0.52157920599  
0.514645576477 -0.237473472953 0.126599624753  
0.578889012337 -0.951323568821 -0.071471825242  
0.0740740448236 -0.831346035004 -0.475177764893  
-0.319088369608 -0.59610915184 -0.292359977961  
-1.13193202019 -0.158193573356 -0.224613413215  
-0.420391976833 -0.258239448071 -0.560630321503  
-0.0829893052578 -0.897278487682 -0.233920231462  
0.393696427345 -0.526379942894 0.0630653053522  
0.805473446846 -0.266980081797 -0.139741167426  
0.634895384312 0.303961664438 -0.274150013924  
0.28600987792 0.31402695179 -0.32294678688  
-0.473021894693 0.506770014763 -0.0637165978551  
-0.0918329283595 0.405684053898 0.532218694687  
0.855540990829 -0.280740857124 -0.164323121309  
0.450492441654 0.380883485079 -1.05558657646  
0.818512678146 0.502591133118 -0.959813714027  
0.455824434757 -0.287883281708 -1.35361421108  
1.21109807491 -0.691903591156 -0.543580293655  
1.60014629364 -0.172254294157 -0.310660213232  
1.9799476862 -0.584052145481 -0.695683538914  
2.28370332718 -0.293671280146 -0.335306555033  
1.31563603878 -0.330348342657 -0.36805126071  
1.8025649786 0.604562282562 -0.0911925137043  
1.40551245213 -0.0564290359616 -0.188712820411  
1.81368303299 -0.157094657421 0.246132105589  
1.38594090939 -0.211311489344 0.597988724709  
0.657970845699 -0.249110326171 0.659067451954  
0.691501557827 -0.148246094584 0.634340465069  
1.32741141319 -0.512951314449 0.480034321547  
0.438492387533 -1.11313831806 0.414460748434  
1.04573202133 -0.496019333601 0.00286066322587  
0.295806705952 0.24342854321 0.499142885208  
-0.072900429368 0.232449308038 0.388559937477  
-0.268751502037 0.0495998188853 0.40166336298  
-0.319484084845 0.206022039056 0.368819981813  
-0.25917673111 -0.289037227631 1.18941438198  
0.344186663628 -0.186012849212 0.904849112034  
0.560685992241 -0.0723549127579 0.465603381395  
0.316308289766 -0.634269177914 0.179004088044  
-0.206185296178 -0.723772883415 0.495024263859  
-0.078867316246 -0.797612071037 0.511949121952  
0.135495632887 -0.790292859077 0.247431531549  
0.519531607628 -0.726240336895 0.0204051528126  
0.436263352633 -0.749400675297 -0.843526124954  
-0.773530364037 -0.592877328396 -0.210412830114  
-0.879744112492 -0.536014795303 -0.124115660787  
-0.730599701405 -0.699910163879 -0.612229049206  
-0.294521003962 -0.923696279526 -0.32128021121  
-0.0991308614612 -0.782617390156 -0.311459422112  
0.108972519636 -0.248132735491 -0.346082568169  
0.830328702927 -0.247722581029 0.203595981002  
0.529441177845 -0.022102387622 -0.139204636216  
0.434196323156 0.460779488087 -0.199484065175  
1.57044804096 0.690482079983 -0.0563613772392  
1.2177093029 0.477958291769 -0.144196197391  
-0.0620789192617 0.172337159514 -0.82474476099  
0.33823415637 0.792018949986 -0.72208750248  
0.139819294214 -0.213397324085 -1.02095317841  
0.741477549076 -0.604142248631 -0.967799961567  
1.83766484261 -0.739890873432 -0.389153331518  
1.57956624031 -0.595517039299 -0.859665453434  
1.78075921535 -0.713850498199 -1.03040635586  
1.9673320055 -0.880681216717 -1.64464747906  
1.4208868742 0.312289535999 -0.770884037018  
1.19040358067 -0.0217133313417 -0.367913424969  
1.56852507591 -0.652909755707 -0.087786719203  
1.33946526051 -0.365867912769 0.172805503011  
0.515894472599 0.334559053183 0.205117821693  
0.534903585911 0.151726156473 0.743966460228  
0.629685342312 -0.956559956074 0.481731414795  
0.588262915611 -0.872355043888 0.501103997231  
0.479164212942 -0.256811022758 0.682297050953  
0.0740591809154 -0.032943546772 0.597317934036  
-0.0181090850383 0.688006997108 0.1391248703  
-0.231959357858 0.00482033658773 0.242432251573  
-0.474172860384 -0.174631416798 0.29902228713  
-0.241973057389 -0.27913069725 0.776523470879  
-0.0260682478547 -0.0995946824551 1.45795929432  
0.251750618219 0.293488830328 0.541904509068  
-0.353783607483 -0.187653005123 0.0448036566377  
-0.862235248089 -0.297077268362 0.559896409512  
-0.605267584324 -0.538535058498 0.778982281685  
-0.0763232037425 -0.621438264847 0.395900577307  
1.04357194901 -0.235180646181 0.744255900383  
0.901818871498 -0.157038703561 -0.246812731028  
-1.04094624519 -0.336222559214 -0.460382074118  
-0.859679341316 -0.434231698513 -0.394898891449  
-1.07759678364 -0.972342967987 -0.977900266647  
-0.546828567982 -0.380794167519 -0.685748398304  
-0.55083411932 -0.0323760583997 0.00499655306339  
0.292629927397 -0.166433632374 -0.276348978281  
0.665298700333 -0.82610565424 -0.1042560637  
-0.176525637507 -0.553277909756 -0.162752494216  
0.525103271008 -0.149031639099 -0.732372045517  
1.31374192238 0.424975454807 -0.357903599739  
1.32439005375 0.263581097126 -0.719398081303  
0.587254047394 0.378449261189 -0.873044133186  
0.99664503336 -0.152123838663 -0.401483565569  
1.0893945694 -0.0604086704552 -0.13985028863  
0.958441078663 -0.126004040241 -0.394038021564  
1.83772230148 -0.647461950779 -0.647924542427  
1.56535613537 -0.166354417801 -0.482635378838  
0.965661466122 -0.175572618842 -0.153949245811  
1.23142182827 0.466901898384 -0.495968580246  
1.33981788158 0.0623530820012 -0.0659461319447  
1.5495890379 -0.046755976975 -0.00278248009272  
1.07268416882 -0.0631547495723 0.0103955538943  
1.28029716015 -0.51533305645 0.109853029251  
0.992638885975 -0.673247635365 0.374698847532  
0.695812225342 -0.254875689745 1.45457589626  
0.438032001257 -0.761320650578 1.32776975632  
0.568743884563 -0.361384928226 1.04216086864  
0.355645596981 -0.050360981375 0.505001604557  
0.309332281351 -0.0634519308805 0.197491317987  
0.378086388111 0.0392792150378 -0.185867458582  
0.410085886717 0.043342769146 -0.10673546046  
0.27207171917 -0.225402519107 0.568029224873  
0.0312258303165 -0.439206331968 0.62949192524  
-0.0124732768163 0.0923801362514 0.989238679409  
0.115508452058 0.395086854696 -0.0268116295338  
-0.826261639595 -0.010907205753 -0.234123587608  
-0.916834235191 -0.148162007332 0.397579163313  
-0.469576388597 -0.283228218555 0.665721952915  
0.188915982842 0.411219388247 1.01460528374  
0.11931630224 0.107913568616 1.24129951  
0.912165939808 0.49425894022 0.138279438019  
-0.448583900928 -0.456913173199 0.0198904406279  
-0.663609921932 -0.035576466471 -0.291957259178  
-0.857327699661 -0.37237522006 -0.336441546679  
-0.398001849651 -0.467939525843 -0.323910325766  
-0.589788615704 0.0625474080443 0.341511845589  
0.239727601409 0.175375193357 0.342846810818  
1.029733181 -0.303138941526 0.12225651741  
0.5474614501 -0.232725828886 -0.410199075937  
0.453848749399 -0.484374880791 -0.484445035458  
1.10932719707 -0.160922244191 -0.326228708029  
1.18208837509 0.082506865263 -1.1082649231  
1.16329598427 0.0503361411393 -0.664752066135  
1.38730216026 0.531090140343 -0.514383912086  
1.46433985233 0.589704573154 -0.277934968472  
1.39618611336 0.636441349983 -0.377744555473  
1.20004343987 -0.123542517424 0.135856047273  
0.940594673157 -0.347891867161 -0.170403927565  
0.449039191008 -0.361338526011 0.0533747300506  
0.155048504472 0.12799936533 0.222523331642  
0.49610337615 -0.0501061789691 0.264419347048  
1.73807692528 -0.660399198532 0.391497761011  
1.14566445351 -0.360176712275 0.789990723133  
1.17387163639 -0.153738364577 0.53874206543  
0.873680055141 -0.909507632256 0.251901626587  
1.02560722828 -0.99584710598 0.330054968596  
0.718526184559 -0.79338735342 0.640033423901  
0.422606348991 -0.949746608734 0.480354338884  
0.133353203535 -0.926825881004 -0.0786478817463  
0.42248827219 0.110021956265 0.0336539335549  
0.18814457953 0.280162811279 -0.315751433372  
0.274146646261 -0.0592571273446 -0.336310446262  
0.594175696373 -0.0928983688354 0.233970999718  
0.884000301361 -0.0284511055797 0.262030780315  
0.132635831833 0.298437654972 0.682265758514  
-0.190043210983 0.80004042387 -0.170958459377  
-0.225182533264 0.958104908466 -0.397780001163  
0.200791299343 0.842238426208 0.116138137877  
0.464256137609 0.733591735363 0.603892147541  
0.912838339806 0.904679179192 0.573164522648  
1.08791673183 1.18209302425 0.558288812637  
1.14963769913 1.14811062813 -0.101488113403  
-0.760734796524 -0.405006945133 0.177363663912  
-0.430024862289 -0.056588999927 -0.125083014369  
-0.140042051673 -0.354831010103 -0.522565901279  
0.163475066423 -0.693502187729 -0.221979439259  
-0.00298185483553 0.606679022312 0.14636605978  
0.378528743982 0.396708905697 0.483149856329  
1.27606403828 0.274582117796 0.318858712912  
0.511658012867 0.385359466076 -0.030465181917  
0.835316240788 -0.435598552227 -0.0801661238074  
0.962955534458 -0.234711199999 -0.073545306921  
1.22592282295 0.0598169416189 -0.232011988759  
0.811550140381 -0.0165018066764 -0.230176791549  
1.21267080307 0.231964379549 -0.391336262226  
1.50785589218 0.0141009418294 -1.15981924534  
1.01807391644 0.518376886845 -0.709821045399  
0.635401189327 0.403371542692 -0.0549148805439  
0.566403508186 0.0175186190754 0.306613594294  
-0.00394765194505 0.282366901636 0.307400614023  
-0.289671957493 -0.00103068945464 0.0671381354332  
1.30167293549 -0.546273052692 0.0492407307029  
1.94081568718 -0.474331110716 0.437858909369  
1.13019824028 -0.763880252838 0.795567154884  
1.1285007 -0.715394377708 0.620888054371  
2.01041221619 0.0572254769504 0.319319367409  
1.11220228672 -0.40991550684 0.0419526025653  
0.92930740118 -0.944859206676 -0.0938995480537  
0.81655061245 -0.717001974583 -0.770036756992  
0.318616122007 -0.705285310745 -0.913067638874  
0.5083142519 -0.286128491163 -0.588404655457  
0.419784575701 0.0179370623082 -0.57179582119  
0.620632231236 -0.639002263546 -0.399741470814  
1.2196034193 -0.694794654846 -0.883757054806  
1.02220439911 0.0962521731853 -0.419853299856  
0.681436419487 0.232484549284 0.288637578487  
0.240370944142 0.757126390934 0.22482444346  
0.0343593545258 0.980997085571 -0.273870497942  
0.288874357939 1.24584424496 -0.655391216278  
0.481055825949 1.37820458412 -1.01025283337  
0.944094896317 1.52208960056 -0.333315223455  
1.11381781101 1.46148312092 -0.647433519363  
1.0292557478 1.1747533083 -0.327308386564  
-0.350988537073 0.0135633675382 -0.65954720974  
0.257806837559 -0.0592361614108 -0.945368945599  
0.101235769689 -0.382752180099 -0.404418289661  
-0.0770224034786 0.145263105631 -0.417882412672  
0.325959891081 -0.260226309299 -0.418798387051  
0.776089787483 0.041286226362 0.128713294864  
0.694752156734 0.754572927952 0.798887491226  
1.40188527107 0.571754276752 0.396122217178  
0.632393479347 0.0889567360282 0.254492163658  
0.627222776413 0.0632414221764 -0.115754395723  
0.58684271574 -0.273911893368 -0.256308853626  
0.983091950417 -0.133641943336 -0.361597061157  
1.52752351761 0.361457675695 -0.439639270306  
1.38385641575 -0.0922763496637 -0.375444829464  
1.39202010632 -0.0450130589306 -0.011119148694  
0.624415457249 -0.144240647554 0.189394250512  
0.224518641829 -0.237746715546 -0.0151494033635  
0.179177448153 -0.135810494423 0.439635634422  
0.526700973511 -0.314348757267 -0.278261184692  
1.1487865448 -0.107477448881 -0.18608315289  
1.42557609081 -0.0838638246059 0.169366806746  
0.861075758934 -0.0539376921952 0.636997699738  
0.341941267252 -0.180872231722 0.70822095871  
1.02244377136 0.217623457313 -0.228377491236  
1.43564260006 0.221266537905 -0.281318724155  
1.07237064838 0.0243100710213 0.321411341429  
1.62652695179 0.0660242810845 -0.557919621468  
0.975407660007 -0.0092840353027 -0.625706732273  
0.771234571934 0.369334429502 -0.491689413786  
1.29377150536 -0.122748844326 0.443350613117  
1.10603713989 -0.527289450169 0.018751103431  
1.28613984585 -0.496800482273 -0.297480046749  
0.826746761799 0.384284317493 -0.39260789752  
0.388238370419 0.812190771103 0.108437724411  
-0.211257725954 1.20860743523 -0.0269918479025  
0.42778351903 1.72128725052 -0.369864940643  
0.398150205612 1.33236086369 -1.23314225674  
0.265775620937 1.32907235622 -1.62865829468  
0.732633650303 1.44560563564 -1.38636672497  
1.45568680763 1.87339377403 -1.2575366497  
1.69642341137 1.88046705723 -1.02255690098  
0.0844540446997 -0.204811736941 -0.371750235558  
0.505536615849 -0.207683250308 -0.448133945465  
0.237411528826 -0.37542077899 0.235136240721  
0.554867625237 -0.420996278524 0.0422710552812  
0.131213024259 -0.207360476255 -0.339414834976  
1.06739461422 0.388819426298 0.0130068361759  
0.924081206322 0.412975490093 0.533067643642  
0.656096994877 0.398899942636 0.642116844654  
0.481236070395 0.498075574636 0.370371341705  
0.302567929029 0.285361528397 0.173395946622  
-0.0235844347626 -0.0300894919783 -0.183691233397  
0.0831557512283 -0.236974000931 -0.415677607059  
0.746739089489 -0.244333401322 -0.376626342535  
0.497860461473 0.042101547122 -0.162926256657  
1.09453034401 -0.14558339119 0.0422590784729  
0.391726911068 -0.220879197121 -0.0915295705199  
0.0695636197925 -1.00345563889 0.160041540861  
0.502246916294 -0.669392645359 0.414862811565  
0.712718784809 -0.521712183952 0.414828240871  
0.867896676064 -0.309300601482 0.202942207456  
1.11004471779 -1.25894033909 -0.457411289215  
0.931815564632 -1.21884000301 0.275219857693  
0.329146325588 -0.628243863583 -0.145982339978  
1.23923873901 -0.169611468911 -0.531728804111  
1.46000814438 -3.22019477608e-05 -0.345151901245  
1.7763338089 0.266106039286 -0.145670637488  
1.49004757404 0.511406004429 -0.436212360859  
1.55761003494 0.0261600743979 0.282495826483  
0.873948514462 -0.478778868914 -0.0562519580126  
1.21119439602 -0.385980337858 0.47719168663  
0.868873238564 -0.867093443871 -0.620862722397  
1.30391967297 -0.293855875731 -0.267918676138  
0.790093183517 0.617585897446 -0.0651127696037  
0.34874856472 1.13147580624 0.247754648328  
-0.248247757554 1.72294151783 -0.32157689333  
0.246776133776 2.09966301918 -0.415538966656  
0.964082539082 1.47797048092 -0.675197064877  
0.769654929638 1.64609694481 -1.72768652439  
0.683077156544 2.04075360298 -1.87883603573  
1.43526780605 2.12217259407 -0.663710415363  
1.23709189892 2.09454846382 -1.00795185566  
0.443395406008 -0.68704277277 0.511002838612  
0.601046979427 -0.582588911057 -0.0367734581232  
1.08171331882 -0.459105759859 0.297016471624  
0.430944412947 -0.869515955448 0.0954695418477  
0.958269357681 -0.182872757316 0.280222535133  
1.41633844376 0.207548499107 0.125619754195  
1.03417110443 0.298533350229 0.384441554546  
0.714298605919 0.718939006329 0.375497847795  
0.0849666520953 0.0860805958509 0.68387144804  
-0.487711668015 0.184898987412 0.433256953955  
-0.543039560318 0.218248963356 0.478150159121  
-0.144291952252 0.147525668144 0.0318853445351  
0.157263621688 -0.139553070068 -0.479354590178  
0.110219717026 0.00675789033994 -0.753673672676  
0.447688102722 0.0505415089428 0.222818180919  
0.368915975094 -0.747210204601 0.612884163857  
0.468155831099 -1.12121117115 0.36695638299  
0.279787689447 -0.915024340153 0.192040011287  
0.326011359692 -1.18217182159 0.824188292027  
0.576898932457 -1.01969110966 1.04374408722  
1.39043498039 -1.85429930687 0.760228455067  
1.64993727207 -1.24416875839 0.513830780983  
1.81543242931 -0.723500072956 0.448531538248  
2.01909279823 -0.332333922386 -0.0511908382177  
1.77687287331 0.0631768107414 -0.690106093884  
1.87457287312 0.306128770113 -0.674669265747  
1.54130589962 0.0660289600492 -0.295297950506  
1.35242283344 -0.563279032707 -0.640730917454  
1.6610943079 -0.515175998211 0.0310080181807  
1.44499111176 -0.679964661598 0.305396944284  
0.912087678909 -0.329433739185 0.130905836821  
0.228681951761 -0.00126787286717 -0.14725920558  
0.418666899204 0.515283405781 -0.0431857779622  
0.155032992363 0.754798173904 0.465354353189  
0.0936949178576 1.83616173267 0.718820810318  
1.00902783871 2.57567048073 0.624744713306  
0.622779011726 1.91066515446 0.215890973806  
0.575406908989 2.54110264778 -0.953353762627  
0.63550311327 2.11708641052 -0.832081139088  
1.41044282913 2.42227625847 -0.203668937087  
1.45628368855 2.18698644638 -0.759743630886  
