-0.865754902363 -1.60318958759 0.291257411242  
-0.432777434587 -0.900544762611 0.0558732710779  
-0.202371105552 -0.229554161429 -0.0412117317319  
0.132268756628 -0.553521215916 -0.629238307476  
-0.274816840887 0.426895231009 -0.194106280804  
-0.0329177454114 0.511850714684 0.95025831461  
0.897975623608 -0.00271353707649 1.04648602009  
0.601802706718 -0.141745939851 1.17173874378  
0.0854396894574 0.193810969591 0.506509482861  
-0.55222672224 -0.0258685573936 0.507726609707  
-0.0405205488205 -0.00756591744721 0.456190794706  
-0.35298666358 -0.512890577316 -0.106095202267  
-0.540609300137 -0.390691876411 -0.106103152037  
-0.534914672375 -0.232006236911 0.194256410003  
0.0687411949039 0.30727955699 1.22267508507  
0.33264836669 0.680885910988 1.6152998209  
0.403114378452 0.435324162245 1.64854776859  
-0.405490964651 0.139688462019 2.25268793106  
-1.27299153805 -0.139648616314 1.93714427948  
-1.93983626366 -0.258118003607 1.6518625021  
-1.45936203003 0.323597252369 1.57237505913  
-0.76573830843 0.248737230897 1.89703893661  
-0.766789972782 -0.10887991637 2.48300528526  
-0.806443154812 -0.458112299442 2.06322979927  
-0.654078245163 -0.0957156270742 2.03914666176  
-0.331214040518 0.183949440718 1.73583602905  
-0.731455862522 0.3862388134 1.50693356991  
-0.961309254169 -0.099284298718 1.17233538628  
-1.24964857101 0.329380303621 1.15473890305  
-1.21200954914 0.786067247391 1.44072496891  
-0.903344094753 1.66760909557 0.93015897274  
-0.386601775885 1.86658167839 0.479703217745  
0.145584598184 0.643473446369 0.451150089502  
0.432311028242 -0.312731593847 0.295251101255  
0.532697796822 0.520379185677 0.903788685799  
1.0507004261 0.67748862505 0.286765575409  
0.453196436167 1.29693746567 0.0782226771116  
0.577826857567 0.604631900787 -0.134417161345  
0.784188866615 0.526515424252 -0.7833750844  
0.420275092125 1.02473926544 -1.80897688866  
0.921633541584 0.478835821152 -2.56203603745  
-0.921448767185 -1.46865606308 0.722794890404  
-0.624653339386 -0.694697618484 0.420826435089  
-0.191241770983 -0.147697806358 0.391753196716  
-0.0142374262214 -0.3329436481 -0.224689602852  
0.256530582905 0.492784589529 0.128511980176  
0.272174715996 0.179328918457 0.628674924374  
0.786183714867 0.18927282095 0.404574364424  
0.349181771278 0.517945170403 0.449734628201  
-0.469339758158 0.502675116062 0.329973429441  
-0.538336694241 0.331065326929 -0.276091843843  
0.301381587982 0.431291818619 0.16013815999  
-0.410468518734 -0.299286872149 0.13464358449  
-0.285304546356 -0.157949626446 0.621928811073  
-0.794995725155 -0.339060842991 0.987140357494  
-0.154494896531 -0.274821132421 1.67998492718  
0.637646615505 0.250665962696 1.48669230938  
0.580676674843 0.657412111759 1.59278011322  
-0.441946268082 0.170835271478 2.04861617088  
-1.07237124443 -0.42494314909 1.91126024723  
-1.35708320141 -0.268908590078 2.27617740631  
-0.81493884325 0.238575428724 1.9377862215  
-0.92361164093 0.100432172418 1.91631984711  
-1.02669978142 0.469019263983 1.63467264175  
-0.777525365353 -0.265457093716 1.55896544456  
-0.651350736618 -0.0992613211274 1.82110989094  
-0.299188703299 0.188876897097 1.4515042305  
-0.422629743814 0.0427381172776 1.97445952892  
-0.962619185448 0.0507945641875 1.80444514751  
-1.29064106941 0.293821513653 0.913768351078  
-1.03569686413 0.672890841961 1.303596735  
-0.119372479618 1.16049897671 1.60770988464  
0.617772758007 1.74834108353 0.800155758858  
0.197093740106 0.762187361717 0.532396495342  
-0.116699762642 0.614544212818 0.43099629879  
0.235826939344 0.541624844074 0.754407465458  
0.126618385315 1.05650496483 -0.165528282523  
0.39562907815 0.996068418026 -0.280155181885  
0.861299872398 1.15955030918 -0.655279695988  
1.39243483543 0.444327056408 -0.965677320957  
1.23792600632 0.7223046422 -1.67032933235  
1.3119341135 0.722899436951 -1.82868552208  
-1.07866477966 -0.160590335727 0.0712492465973  
-0.881872117519 -0.804250299931 0.589426577091  
0.0494012236595 -0.230579212308 0.507601082325  
0.735995650291 0.010617162101 0.173201531172  
0.54976695776 0.575260102749 0.487695455551  
1.09733915329 0.0581048429012 0.832679927349  
1.17360949516 0.0707533210516 0.388920158148  
-0.0168601814657 0.842944145203 0.78420984745  
-0.602651953697 0.750032186508 0.399197041988  
-0.137111544609 0.593952536583 0.869998455048  
-0.216610595584 0.534438252449 0.821755409241  
-0.117362886667 0.802627980709 0.883952736855  
-0.209972009063 0.664784729481 1.21540510654  
-0.386472851038 0.0406743697822 1.051435709  
-0.238423556089 -0.322979331017 1.53935873508  
-0.0727660432458 0.644900143147 2.13876414299  
0.176273986697 0.430593311787 1.72661101818  
-0.561891376972 0.751081764698 2.42155599594  
-1.03128004074 0.00409030960873 2.18874692917  
-1.28608703613 -0.201551795006 2.19588184357  
-1.04390287399 -0.0683960467577 1.45034039021  
-1.45252263546 0.250674009323 0.957893371582  
-0.651077568531 0.857059001923 1.30089390278  
-0.547867596149 0.182154119015 1.77737033367  
-1.15167915821 -0.409182786942 1.69671773911  
-1.17533266544 -0.330947577953 1.54567217827  
-0.878728330135 0.308981508017 1.98524403572  
-1.21263277531 0.204862862825 1.28058028221  
-1.15193712711 0.620322227478 0.648616015911  
-1.33733212948 0.818096160889 1.3899461031  
-0.299958497286 1.74217629433 1.59655117989  
0.203238621354 1.36942303181 1.58531427383  
0.00716950139031 0.795165538788 1.32583594322  
-0.0255974698812 0.890686333179 0.726057887077  
-0.721153736115 1.1405159235 0.958129882812  
0.559049427509 0.764295697212 0.352957457304  
0.170563042164 1.16524624825 0.17127302289  
0.355024307966 1.03705573082 -0.494872123003  
0.829490363598 1.18595540524 -0.614508628845  
1.62606465816 1.16140973568 -0.790109932423  
1.36800801754 0.911351978779 -1.04242658615  
-1.20937144756 0.744701564312 -0.151827946305  
-0.298202782869 0.531691133976 0.55427056551  
0.243792191148 0.339691400528 0.771165728569  
0.568142592907 0.567981183529 0.568185389042  
0.624294757843 0.624110817909 0.62440186739  
0.667600691319 0.667719066143 0.667820036411  
0.755506694317 1.02183818817 0.553749084473  
0.0450061149895 0.799458801746 0.228679969907  
-0.16244982183 0.172273293138 0.484954327345  
0.399028480053 0.176967591047 1.1202968359  
0.564357221127 0.39639249444 1.33710122108  
0.408589571714 0.464835762978 1.50092184544  
0.0799100399017 0.720694303513 0.88551402092  
0.204969063401 -0.220398262143 1.19646477699  
0.201534956694 -0.386402010918 1.53355896473  
0.335720837116 0.206943929195 1.59647130966  
0.188400059938 0.267944872379 1.78905022144  
-0.520846188068 0.158922970295 2.25253844261  
-1.08226764202 0.0290133021772 2.52546167374  
-0.606059372425 0.261777251959 2.2925286293  
-0.866679549217 -0.512818396091 0.910147607327  
-1.54845499992 0.276143103838 1.08464229107  
-0.744774699211 0.755340337753 1.19214677811  
-0.648911416531 0.632230401039 1.278439641  
-0.71041148901 0.692900121212 1.69075500965  
-0.633356690407 0.283155351877 1.96141302586  
-0.78081882 0.6568582654 1.70680677891  
-0.385795682669 0.637441158295 0.906995594501  
-0.381908029318 0.702338159084 1.00632596016  
-0.901445806026 1.13365364075 1.16070985794  
-0.360132604837 1.30256044865 1.05104851723  
-0.560382843018 0.992078959942 1.2270501852  
-0.0598453655839 0.978355228901 1.26375675201  
0.0868337452412 0.948589205742 0.941981911659  
-0.361338764429 0.867511868477 0.910348296165  
0.338151544333 0.617616891861 0.426944434643  
0.848050296307 0.645213603973 0.597768306732  
0.813090801239 1.28132271767 -0.163099631667  
1.57455313206 1.65342950821 -0.40418317914  
1.78820347786 1.90683484077 -0.635570526123  
2.02301216125 1.2688369751 -0.753600358963  
-0.642193257809 0.639673948288 -0.333385378122  
0.0450645759702 0.495566517115 0.390366494656  
0.210480839014 0.500585377216 1.0427646637  
0.593832671642 0.593904316425 0.593774497509  
0.660154521465 0.660012185574 0.660146892071  
0.714220166206 0.714350163937 0.714365780354  
0.637974858284 0.890358269215 1.09360826015  
0.746057510376 0.291719853878 0.770056545734  
0.482479572296 0.230534702539 1.16298866272  
0.474108785391 0.133697241545 0.694273233414  
0.29235547781 0.458214223385 1.32021641731  
0.408983558416 0.377536058426 1.77034699917  
0.649778962135 0.308306276798 1.29547357559  
1.03268575668 0.025936525315 1.42749798298  
1.24549877644 0.261189073324 1.32562470436  
0.740997493267 0.406688690186 1.27356314659  
0.0100252740085 0.220908492804 1.83798849583  
-0.446601271629 0.0207082927227 2.16923570633  
-0.743801414967 -0.12014644593 2.18658471107  
-0.679402112961 0.231101453304 1.67175090313  
-0.420005679131 0.137789353728 1.63534390926  
-0.808711707592 0.677865803242 1.06346774101  
-1.08849859238 0.632211208344 1.3839430809  
-0.778685927391 1.02126431465 1.20659923553  
-0.642565310001 1.04408121109 1.32298982143  
-0.811827242374 0.993268191814 1.10808634758  
-1.3076915741 1.05712676048 0.847445011139  
-0.857034981251 0.476980149746 0.745538771152  
-0.662142753601 1.25711739063 1.52356016636  
-1.3710796833 0.876373648643 1.09616243839  
-0.563521921635 1.10073649883 0.909114599228  
-0.770651638508 1.08378493786 1.30750417709  
-0.55641502142 0.919116199017 0.942733585835  
-0.11769939214 1.19706296921 1.14981484413  
0.779815673828 0.889400720596 0.949219763279  
0.687494933605 1.19777202606 0.630327522755  
1.12271332741 1.20476424694 1.04730713367  
1.01854562759 1.33494532108 0.037923514843  
1.10772514343 1.69575798512 -0.025989420712  
1.42438828945 1.71705472469 -0.308382242918  
2.10710906982 1.05230259895 -0.124419681728  
-0.116074420512 0.74670958519 -0.690125107765  
-0.0653780847788 0.531966149807 0.170968443155  
0.1602358073 0.335204929113 0.464783549309  
0.608850300312 0.608997404575 0.608777284622  
0.684712946415 0.684570789337 0.684707462788  
0.749387860298 0.749272286892 0.749429941177  
0.594901680946 0.798344314098 1.14502835274  
0.175031542778 0.63878852129 0.725675225258  
0.145780459046 0.0378970392048 1.32675099373  
0.233861461282 0.307437092066 0.750660002232  
-0.115112952888 0.262228041887 1.61365151405  
0.0899942144752 0.422934651375 1.91410720348  
0.889327466488 0.0514163151383 1.54747641087  
1.14044570923 0.367006719112 1.2561892271  
1.1484862566 0.435876488686 1.33383476734  
1.10166597366 0.0816407799721 1.58878552914  
0.292000204325 0.0759342610836 1.77683472633  
-0.583007633686 0.373266220093 2.17379355431  
-1.04417598248 -0.25552880764 2.13979911804  
-0.602477788925 0.161318287253 1.82661628723  
-0.578965604305 0.131541103125 1.90894591808  
-0.245758339763 -0.00369459250942 1.82951653004  
-1.00505936146 0.152444854379 1.67968440056  
-1.01391208172 0.742287874222 0.771185994148  
-0.307004868984 0.435597717762 0.751112520695  
-0.760873138905 0.870562016964 0.63040548563  
-1.00693595409 0.331347852945 0.78447508812  
-0.686094760895 0.77615326643 1.22823405266  
-1.33214116096 1.40074455738 1.37538802624  
-1.13812756538 1.36594176292 0.885626733303  
-0.7737814188 0.967454850674 1.2067027092  
-1.02439546585 1.34008657932 1.52223861217  
-0.453585237265 0.917731702328 1.6273137331  
0.480001419783 0.880983293056 1.20406424999  
1.0639039278 1.07380604744 0.570650339127  
1.09192419052 0.958962500095 1.21103930473  
1.09059977531 1.07143545151 1.29604291916  
1.12183248997 0.828697741032 0.825357854366  
1.33327138424 1.19578611851 -0.551949501038  
1.51071488857 2.03452658653 -0.572760283947  
2.30961108208 0.932760119438 -0.708929240704  
0.646060049534 0.25134152174 0.284960240126  
0.769438028336 0.261222988367 -0.225184693933  
1.29926002026 0.880060851574 0.292484670877  
0.894180715084 0.722278416157 0.588500082493  
1.02413809299 1.36006808281 0.851377725601  
0.561636149883 1.42912101746 0.512064397335  
0.831721842289 0.831350624561 0.831132888794  
0.922249734402 0.9664747715 1.40642857552  
0.623923420906 0.428800344467 1.24730098248  
-0.0535582564771 0.24997740984 1.52001237869  
0.130408883095 -0.0812576115131 1.39024496078  
0.559013903141 0.551867067814 1.05120885372  
0.64165019989 0.503419458866 1.02544045448  
0.937575161457 0.140888482332 1.309694767  
0.909247756004 0.266232341528 1.36849808693  
0.511527955532 -0.207942843437 1.52812898159  
0.207199081779 -0.400321811438 2.04838395119  
-0.0494075194001 0.288165897131 1.69583880901  
-0.494920521975 -0.0763085559011 1.8277926445  
-0.44655045867 0.192303195596 2.02921056747  
-0.537258207798 0.642438173294 1.35808026791  
-0.256826221943 0.54251241684 1.24227797985  
-0.540601730347 0.694334566593 0.745273172855  
-0.510129928589 0.693681955338 0.570822775364  
-1.04253590107 0.472147852182 0.0828576683998  
-1.13979041576 0.697098910809 0.78351688385  
-0.665764689445 -0.0888486430049 0.713485300541  
-0.659661769867 0.236130863428 0.621469259262  
-0.934621274471 0.565017104149 0.591851651669  
-0.97281986475 1.02337992191 0.806655883789  
-0.266233474016 1.28348815441 0.683684051037  
-0.774013280869 1.24333894253 1.82971525192  
-0.179366990924 1.12429761887 1.73318529129  
0.995968818665 1.34573769569 1.0312871933  
1.11071300507 1.05012333393 0.558493077755  
0.83449691534 1.41011285782 1.28710174561  
1.26714742184 1.2207916975 2.14885115623  
1.00829386711 0.96971476078 1.59863173962  
1.07875049114 1.44087803364 -0.0618266612291  
1.61055135727 1.70197725296 -1.23028039932  
2.34813404083 1.41522347927 -0.956550359726  
1.08844327927 0.208603799343 -0.101507589221  
1.20063757896 0.974065184593 -0.19722507894  
1.30779898167 1.00773048401 0.0899274647236  
1.30063521862 0.695389688015 0.563602626324  
0.691266596317 1.08960950375 0.562819123268  
0.688602268696 0.958351790905 0.519290745258  
0.863619685173 0.70203012228 0.436184823513  
0.901385009289 0.901544213295 0.90134292841  
0.373635679483 0.646206915379 0.972729623318  
0.244096770883 0.558135092258 1.22424411774  
0.607941508293 0.57600402832 1.33475100994  
1.09154236317 0.95473664999 1.82051336765  
0.985966861248 0.657915472984 1.22725152969  
0.706166267395 0.719280600548 1.48278689384  
0.778281569481 0.248385995626 2.15911269188  
0.668528139591 0.401308506727 1.72752463818  
0.471361577511 -0.134456589818 2.51264357567  
-0.202844187617 0.905317604542 1.93760371208  
0.0471790209413 0.604483664036 1.81024336815  
-0.406821340322 0.359015643597 1.26325929165  
-0.0121031487361 0.297724485397 1.25520551205  
-0.0150269949809 0.338288843632 0.704630970955  
-0.0746012255549 0.708101212978 0.625382483006  
-0.168473079801 0.485606431961 0.754273533821  
-0.42616891861 0.684907674789 0.153022274375  
-0.280391722918 0.866356492043 -0.296507805586  
-0.655408978462 -0.267421245575 0.385698258877  
-0.0852529779077 0.114063277841 0.891102910042  
0.156022384763 0.343575358391 0.390351563692  
0.0524726621807 0.62060135603 0.405816227198  
-0.256804645061 0.863079786301 0.680522441864  
0.0197911877185 1.0428122282 0.978105485439  
0.466406345367 1.16907835007 1.16168093681  
1.04741632938 1.57388556004 0.581634819508  
0.99657446146 0.976513981819 0.541288554668  
1.2175911665 0.670301795006 1.18777096272  
1.64152157307 0.552070140839 1.5754929781  
1.9416769743 1.31737720966 1.88081419468  
1.74989581108 0.990986704826 0.18317002058  
1.83872795105 1.78388035297 -0.754030287266  
2.41785907745 1.99044406414 -1.0560978651  
0.759935677052 0.431973159313 0.0209915526211  
0.771876811981 0.581880450249 -0.066193073988  
0.71397382021 1.31346392632 -0.139096513391  
0.917795717716 0.649768054485 0.000978803262115  
1.14168679714 1.43219423294 0.196356713772  
1.22235250473 0.986953258514 0.128948479891  
0.89566475153 -0.122614122927 0.930478394032  
0.991430044174 0.499219208956 0.784505367279  
0.954909145832 0.954903781414 0.954896688461  
0.510489404202 1.09732151031 1.21565294266  
0.348876088858 0.946649074554 1.27482104301  
0.753261089325 0.516520678997 1.61259114742  
0.425713151693 0.351274400949 1.41078209877  
0.573457121849 0.572192192078 0.657461345196  
0.22955788672 0.802153646946 1.54238116741  
-0.0395211316645 0.392456054688 1.95037913322  
0.385221987963 0.66761547327 2.06733012199  
-0.293622791767 1.01917254925 1.95818758011  
-0.709665834904 0.113873943686 1.85594546795  
-0.893508255482 -0.00511572975665 1.10794734955  
-0.542518079281 0.158821329474 1.33464407921  
-0.0405922941864 0.18400208652 0.680124640465  
0.164254814386 0.423384070396 0.53937202692  
-0.0109636532143 0.872753024101 0.0593163073063  
-0.11233946681 0.894958019257 -0.0300157498568  
0.0574039630592 0.347869753838 -0.055023919791  
0.540984988213 0.0572347901762 0.715947449207  
-0.0141006587073 0.234992429614 0.790292978287  
0.523360610008 0.471430301666 0.88088530302  
0.925099134445 0.379653245211 -0.247297942638  
0.603283345699 0.896241247654 -0.253034710884  
0.564022123814 1.0413339138 0.614592432976  
0.685337126255 1.51170194149 0.855102598667  
1.23958098888 1.20982253551 0.297894001007  
1.27652287483 0.588184475899 0.299033582211  
1.59365737438 0.602383732796 0.887113332748  
1.95875692368 0.404705613852 1.40991520882  
1.61162126064 0.398131161928 1.4474067688  
1.4495806694 1.00541937351 0.219332441688  
2.0557141304 1.50720071793 -0.0444445945323  
2.42300653458 1.33918070793 -0.464373886585  
0.85631018877 0.81452280283 0.165052086115  
0.411823064089 0.373596072197 0.44921195507  
0.447348147631 1.19315516949 0.132510736585  
0.780121266842 0.965319991112 0.120833709836  
0.794361770153 0.907731771469 -0.0700700134039  
1.39973139763 1.19419443607 0.630017876625  
1.28884768486 0.288724601269 0.817067742348  
1.27999150753 0.566362142563 1.09893083572  
0.457519978285 0.951755583286 1.19625377655  
0.386106193066 1.27384519577 1.01504182816  
0.337715893984 0.289152681828 0.867617666721  
0.181798875332 0.246212571859 0.913229942322  
1.01146733761 0.567405700684 1.12749040127  
1.12008607388 0.414819419384 1.49809610844  
0.0599407404661 0.838002383709 1.73644506931  
-0.133365556598 1.04695940018 1.86724090576  
0.235879823565 1.16115140915 2.16828227043  
-0.216949239373 1.1882276535 1.77860713005  
-0.0998149737716 0.21845343709 1.27293288708  
0.0654993802309 0.214919447899 1.07414221764  
0.0136253852397 0.125820890069 1.01276707649  
-0.171948343515 0.139724344015 0.253265053034  
0.49905025959 0.650640010834 0.227032020688  
0.173895314336 0.831010520458 0.103780463338  
0.40598860383 0.830010592937 0.488468319178  
0.326432317495 0.168370261788 0.274966776371  
0.195506557822 0.272403001785 0.334321469069  
-0.130983173847 0.0426467992365 1.29111111164  
0.100508347154 0.23422665894 1.1961376667  
0.570426464081 0.750111937523 0.410369843245  
0.775079727173 0.390247285366 0.697593510151  
0.610800147057 0.910856187344 0.794314861298  
0.765136897564 0.907443165779 -0.0759156271815  
1.1069329977 1.09619629383 0.0265790168196  
1.09630215168 0.563300669193 0.135027498007  
1.60021841526 0.658407509327 0.525071263313  
2.26969766617 0.240340426564 1.12818717957  
1.70065367222 0.252197653055 1.10070776939  
1.62847471237 0.779015660286 0.0739959999919  
2.11709928513 1.2071313858 0.266975611448  
1.58052766323 0.562197744846 0.0228248666972  
1.09778690338 1.04297149181 -0.379855960608  
1.10971653461 0.781981289387 0.157967954874  
0.837128460407 1.6496938467 0.223809018731  
0.572962462902 1.64900553226 0.283620685339  
1.14426481724 1.11459445953 0.0229123532772  
1.05509126186 -0.00318201468326 0.687848925591  
0.749733626842 0.927238941193 1.14524137974  
0.9848279953 1.59555506706 0.80357170105  
0.830742478371 1.72887349129 0.689582824707  
-0.185454517603 2.06658244133 1.29562366009  
0.114564009011 0.916694402695 1.45274245739  
0.249989286065 0.940828919411 0.835756480694  
0.352453827858 0.946315228939 1.0320110321  
0.32218593359 0.179818108678 1.30864620209  
0.107624426484 0.499115020037 2.13506627083  
0.4713948071 1.05942702293 1.84571325779  
0.345412611961 0.678635954857 1.32376742363  
-0.0424454733729 0.612966299057 1.65780651569  
0.316457182169 -0.593342483044 0.829933226109  
0.00801634136587 -0.0392246842384 0.521720170975  
0.421186715364 0.221514746547 0.644286811352  
0.539962649345 0.201103672385 0.169925227761  
0.636820912361 0.169245526195 0.0550742186606  
0.444555580616 0.351508259773 -0.170750573277  
0.864151358604 0.100811868906 0.11450342834  
0.233541816473 0.392946064472 0.515546381474  
0.107860639691 0.719978094101 0.648690342903  
1.01812696457 0.439424663782 0.743471086025  
1.06042325497 0.423072993755 1.22249341011  
0.578442811966 1.1737678051 0.765607535839  
0.917837560177 0.42414110899 0.416836053133  
0.590666055679 0.664661645889 0.54779946804  
0.284788906574 0.794570624828 0.296739429235  
0.477216601372 0.46321401 0.420068383217  
0.854939997196 0.463065773249 0.527681708336  
1.67672288418 0.491214305162 0.803537011147  
2.12645792961 0.999792039394 0.580737054348  
1.87924218178 0.738459467888 1.02121520042  
1.56657624245 0.372983217239 0.882478177547  
2.04094934464 0.95821338892 0.818947255611  
2.05675649643 0.447037875652 0.581952989101  
0.934144377708 0.961905419827 -0.702148914337  
1.06423437595 1.06491184235 0.190195128322  
0.940568268299 1.22865188122 0.37325322628  
0.608578979969 1.72308444977 0.102115608752  
0.575702250004 0.747793734074 0.652968049049  
0.486675590277 -0.00435416679829 0.226055562496  
0.660761594772 0.698520898819 0.245182052255  
0.851113557816 1.30826151371 0.219915017486  
0.327051073313 2.14548993111 0.208549559116  
0.134047105908 1.80470371246 1.03700911999  
0.161900699139 1.5712095499 1.41313624382  
0.305126816034 1.45001626015 1.38791823387  
0.113171756268 0.84518045187 1.25324475765  
0.396237790585 0.332561582327 1.04322862625  
0.552439451218 0.40161126852 1.70916557312  
-0.141686394811 0.462078034878 1.46849429607  
-0.173339396715 1.28590488434 0.436481356621  
-0.118164770305 0.445857673883 0.770683348179  
0.827840387821 -0.0495257675648 0.838917195797  
1.05499958992 0.208036288619 0.193101361394  
0.100412391126 0.294881135225 -0.0597764961421  
0.336081504822 -0.0891523882747 0.0457585155964  
0.104538910091 0.0370056629181 0.242272153497  
0.985229074955 -0.403388887644 0.229478150606  
1.00776422024 0.175577417016 0.202801093459  
-0.0155118629336 1.21634304523 0.475726008415  
0.658627390862 0.570283055305 0.569422364235  
1.44095218182 0.513276398182 0.355082273483  
1.38624632359 0.849772274494 1.22754430771  
0.719667315483 0.449328690767 0.55194824934  
0.717109322548 0.616269290447 0.427625894547  
0.582460820675 0.858596324921 0.0897595584393  
0.672377407551 0.578145265579 0.681361615658  
0.535868167877 0.0732103660703 0.552308440208  
0.962594687939 0.183323204517 0.458968102932  
1.468998909 0.53069794178 0.867767333984  
2.01244974136 1.12877261639 0.728625237942  
1.61233603954 0.46773687005 1.06126582623  
1.96913015842 0.720167160034 0.989302575588  
2.18648195267 -0.0298735946417 1.05393230915  
2.32864379883 0.408800244331 0.518909931183  
1.39387965202 -0.495543301105 -0.374703347683  
1.55002689362 0.83514046669 -0.547833740711  
1.03557395935 1.30160605907 0.515606224537  
0.77450710535 1.29866683483 0.353129476309  
0.621526837349 1.08155882359 0.602755188942  
0.172206088901 0.395263433456 0.688153028488  
-0.0757650658488 0.913316130638 0.270586431026  
0.449403375387 1.3875092268 -0.00900317449123  
0.567408978939 1.08213090897 0.622434139252  
0.300184875727 0.980551958084 1.64395427704  
0.322639077902 1.10229051113 1.33551979065  
0.66501301527 1.30338871479 1.32826089859  
0.923357307911 0.369272381067 0.961752712727  
0.455118596554 0.606734752655 0.262885570526  
0.70615363121 0.909056603909 0.7079859972  
-0.311444401741 0.585957348347 1.39772772789  
-0.245160624385 0.870651781559 0.66597956419  
-0.0722401440144 -0.0385184884071 0.893201291561  
0.12517875433 -0.516531944275 -0.112721130252  
0.910225212574 -0.0590250492096 0.177587851882  
1.05716013908 -0.112917348742 -0.0895657092333  
1.21816170216 -0.32600826025 -0.0894140228629  
0.0726555064321 -0.355189472437 0.82958561182  
0.707467794418 0.0310779251158 0.565118074417  
1.26121604443 -0.0689764693379 0.524232685566  
0.308242321014 0.770886361599 0.624244809151  
1.34079778194 0.307289540768 0.925367295742  
1.74552106857 0.535173296928 0.608377575874  
1.14960670471 0.332835495472 0.755291759968  
1.04866838455 0.265940546989 1.21500575542  
1.33558607101 0.0524442605674 0.432623684406  
0.749640405178 -0.113889925182 0.374341756105  
0.949953079224 0.144916534424 0.948167085648  
1.11109471321 0.230726793408 0.665536642075  
0.798217117786 0.166702777147 0.850094258785  
1.14029872417 0.403399556875 0.679559528828  
2.11893939972 0.555492281914 1.31857228279  
2.60627698898 0.883278548717 1.51296317577  
2.37523055077 0.341271221638 1.59971284866  
2.51487970352 0.105171389878 1.34647655487  
2.94171333313 0.191381558776 0.50855576992  
1.99552190304 0.412091553211 -0.11475622654  
1.76203346252 0.580261945724 -0.404229581356  
0.77964091301 0.675730466843 -0.0360267609358  
0.636679708958 0.77094399929 0.634369194508  
0.538320541382 1.4830520153 0.471044450998  
0.754903674126 0.800912201405 0.606709420681  
0.372818559408 0.862975895405 0.969696700573  
0.430193215609 1.3156452179 1.29477345943  
0.357824891806 1.29408657551 1.1075643301  
-0.0566983520985 1.43587172031 1.35887622833  
0.336351633072 0.838928639889 1.41476547718  
0.844689309597 0.644985616207 0.796088814735  
0.865986406803 0.379187315702 0.196839153767  
0.568895161152 0.659975767136 1.14139139652  
0.105195194483 0.588041722775 1.3485943079  
-0.697085559368 0.128657624125 1.09544634819  
-0.159694507718 0.342545837164 1.17295098305  
0.0906145274639 -0.64002096653 0.446204423904  
-0.0400019735098 -0.829472899437 0.253086835146  
0.540683567524 -0.625475466251 -0.268762886524  
1.05394160748 -0.614171862602 -0.437293052673  
1.30907940865 -0.329337865114 -0.225891157985  
0.695170581341 -0.433033943176 0.316141933203  
0.250450998545 0.327009230852 0.365439593792  
1.00602209568 0.836437404156 0.231933176517  
0.744676291943 0.62475913763 0.393145948648  
1.11529386044 0.158631175756 0.81194204092  
0.87159538269 0.250912755728 0.360064029694  
0.0949863865972 0.451059997082 0.573050379753  
0.840966939926 0.492991566658 0.495692849159  
1.32823514938 -0.537605345249 0.40367859602  
1.49519765377 -0.902623653412 0.483629792929  
1.35048770905 -0.666655540466 0.426530748606  
1.02090799809 -0.460527092218 0.890924096107  
0.46078184247 -0.0189521349967 0.863045394421  
1.11399877071 0.254421025515 1.03263008595  
2.2842464447 0.296134710312 0.891351878643  
2.20057082176 0.824763536453 1.05115199089  
2.40769791603 0.0466914065182 1.3398193121  
2.54850721359 0.39347499609 1.21030092239  
2.83225178719 0.129729092121 1.0091136694  
1.61230123043 -0.458303868771 0.506174564362  
1.4475389719 -0.126348257065 0.0248026344925  
1.11318790913 -0.305048018694 -0.145435839891  
0.436198860407 0.480733931065 0.263957679272  
0.435505896807 1.2100404501 0.732754647732  
0.254465281963 1.26269090176 0.649154424667  
0.24001583457 0.986367702484 0.489992886782  
0.290747910738 1.50606608391 1.24605619907  
0.507161915302 1.52575576305 1.29272508621  
0.601954400539 1.3198132515 0.554306030273  
0.713560223579 0.397826552391 1.07766222954  
0.146487981081 -0.00446484936401 0.634985506535  
0.608272016048 0.0351683646441 0.566653847694  
1.06858062744 0.167958453298 0.230629920959  
0.215431079268 0.591694653034 0.789732277393  
-0.781986653805 -0.0772636756301 0.949851155281  
0.163118764758 -0.596256554127 1.08386623859  
-0.111969843507 -0.422919899225 0.617131471634  
0.267347812653 -0.521302103996 0.19040119648  
0.954587757587 -0.537636160851 -0.0245284810662  
0.704192280769 -0.0106732528657 -0.426497876644  
0.330234378576 0.147893875837 -0.930686116219  
0.273172736168 0.284949719906 -0.588818192482  
0.15857745707 -0.316809564829 -0.651869535446  
0.756953477859 0.92807328701 -0.126031890512  
0.54258108139 0.154362305999 -0.312814921141  
0.285590946674 -0.546333372593 -0.23935520649  
0.432339310646 -0.0179579406977 0.229624703526  
0.221410229802 0.840061187744 0.807512640953  
0.692167401314 0.13853995502 0.115003012121  
1.17445671558 -0.931164264679 0.128572016954  
1.36000335217 -0.458646804094 0.396595388651  
1.00359892845 -0.794098317623 0.561362862587  
0.843564748764 -0.789578258991 0.745935857296  
0.345678895712 -0.566476464272 1.04980742931  
1.54730343819 -0.462015300989 0.926489412785  
1.46993243694 0.125091195107 1.23955643177  
2.02210354805 0.332724660635 0.977767825127  
1.80363190174 0.032988011837 0.737729847431  
2.24082660675 0.523372232914 0.616276443005  
3.32704496384 0.296184331179 0.42956200242  
0.879019737244 -0.66897547245 0.461108714342  
1.16600859165 -0.228344395757 -0.264628469944  
0.855526447296 -0.39539578557 -0.0344123058021  
-0.264115661383 0.808443129063 0.257215768099  
0.124763086438 0.871047794819 0.594919204712  
0.00680048950016 0.855912029743 0.821579456329  
0.144044056535 1.16948997974 0.653143644333  
0.201054170728 1.19943845272 0.811289250851  
0.486071676016 1.47854077816 0.867607235909  
1.23206448555 1.29138875008 -0.135507076979  
0.98910433054 0.82223123312 0.436002075672  
0.582335472107 0.133282527328 0.933590233326  
1.18386590481 -0.00791437458247 0.343041867018  
1.20741665363 0.492552399635 0.231116101146  
0.259986937046 0.878783881664 0.464701205492  
-0.388539254665 0.0300693679601 0.593645274639  
-0.451629251242 -0.739484965801 0.885091364384  
-0.2579010427 0.362404644489 0.449226081371  
0.646891057491 -0.0423007458448 0.820673167706  
1.56127166748 -0.256879329681 -0.185279339552  
0.751902401447 -0.0283208098263 -0.218689218163  
0.551579356194 0.5968708992 -0.225866094232  
0.362424463034 0.358692884445 -0.194570720196  
0.62667042017 -0.433327317238 -0.240131631494  
0.630233228207 -0.0755078494549 -0.58518666029  
0.317468315363 -0.356765061617 -0.072015337646  
0.534273326397 -0.699642121792 -0.129429534078  
0.382988363504 -0.158127203584 0.42062330246  
0.688773155212 -0.158344715834 0.446243107319  
0.948907911777 -0.541517555714 0.485662281513  
1.07634079456 -0.440751433372 0.407104194164  
1.31278574467 -0.716522574425 0.541119933128  
1.09852588177 -0.625861048698 0.863892018795  
1.37884664536 -0.439027965069 0.805712103844  
1.03274035454 -0.703596174717 1.46720910072  
1.31759750843 -0.13091981411 1.39476835728  
1.26132488251 -0.275885909796 0.997333347797  
1.28278934956 -0.111529454589 0.831007540226  
1.11965739727 -0.217788636684 0.0138351768255  
2.11434960365 -0.0151645429432 0.465569347143  
2.3946056366 0.239334315062 0.858439385891  
0.607872784138 -0.312184989452 0.582318544388  
0.802074968815 -0.509431779385 0.183788701892  
-0.25421333313 -0.365834444761 0.245335638523  
-0.934559345245 0.178234949708 0.710483491421  
-0.892112672329 0.651401937008 1.03728115559  
0.405022919178 0.397168397903 0.840114831924  
0.484848201275 0.867243170738 1.02459740639  
1.2158870697 1.35925555229 1.2352720499  
0.734936892986 1.2077434063 0.408518254757  
1.55533003807 0.964415848255 -0.204739302397  
1.08719003201 0.839714288712 0.459099292755  
1.18546366692 0.0943756476045 0.649901509285  
0.813615679741 -0.27044776082 0.217274352908  
0.680922448635 0.154131710529 0.522372305393  
-0.198057368398 1.12022125721 -0.00450899358839  
-0.257196933031 0.414826542139 0.690605819225  
-0.00794963724911 0.0528761334717 0.473742216825  
-0.493701338768 0.773829340935 -0.0165775194764  
0.85359454155 0.513809800148 0.240797147155  
1.32273304462 0.0635837391019 0.0560453757644  
0.763640880585 -0.00839490164071 -0.374744296074  
0.531075358391 0.236736863852 -0.225893333554  
-0.368370831013 0.0319986194372 -0.0196326393634  
0.100867152214 0.157466992736 -0.24374897778  
0.63438552618 0.151239529252 0.104424148798  
1.59362304211 -0.139235705137 0.14270927012  
1.02745616436 -0.144402861595 -0.047629006207  
1.03174781799 -0.103954598308 -0.0378741957247  
1.06098389626 -0.240385726094 0.0638015568256  
1.69042658806 -0.160666108131 0.391944915056  
1.29688060284 -0.0491660572588 0.144420564175  
1.61665070057 -0.491776436567 0.451667070389  
1.35149741173 -0.24850487709 0.502920925617  
0.332375407219 -0.472410947084 1.25121331215  
1.23673152924 -0.588007450104 1.34825062752  
1.35591411591 -0.296188473701 1.1848269701  
1.41431701183 -0.30539688468 0.712345600128  
1.65643322468 -0.869213938713 -7.66852972447e-05  
0.529368579388 -0.123139388859 -0.219727292657  
1.47337007523 -0.0659759640694 0.0402347110212  
1.74461746216 -0.456240803003 0.706217110157  
0.637561261654 0.00994437374175 0.15757445991  
-0.0693102031946 -0.410355567932 0.197864711285  
-1.6115077734 0.093870870769 0.149890810251  
-1.15862178802 0.28610342741 0.665703356266  
-0.185300514102 0.644342660904 0.594247698784  
0.676407277584 0.253683030605 0.855195760727  
0.584748148918 0.6858086586 1.01375102997  
0.425007283688 1.01260721684 1.21883416176  
0.612631440163 0.8967192173 1.09297966957  
1.55974459648 0.371000945568 -0.0206381566823  
1.27926623821 0.28452193737 0.613112032413  
1.50770139694 0.462840646505 0.345615655184  
1.34777629375 0.114099062979 0.419251024723  
0.818711400032 0.107142083347 0.44308501482  
0.310091733932 0.635141253471 0.0063299247995  
0.42135861516 0.626286745071 0.843219518661  
0.51388335228 0.29243093729 0.253714829683  
0.57249379158 0.570104718208 0.0681339651346  
0.658925056458 0.426983743906 0.512938499451  
0.992104589939 0.368563205004 1.10174298286  
1.3366651535 0.436346232891 0.345303952694  
0.37654080987 -0.128725036979 -0.0706080272794  
-0.484823584557 0.34615650773 -0.453670918941  
0.341305971146 0.368280112743 -0.47670429945  
1.47810292244 0.489901036024 -0.194548815489  
1.54974293709 0.203562811017 -0.114164896309  
1.30357909203 -0.0532685555518 -0.491633921862  
1.08182919025 0.599693953991 -0.410789459944  
1.70387995243 0.454522222281 -0.162475466728  
2.07242131233 0.19709725678 -1.00891387463  
1.88100767136 -0.354811728001 -0.191230177879  
1.46431422234 -0.612669348717 0.723900079727  
1.02849376202 -0.554909348488 0.983547031879  
0.949910998344 -0.617503345013 1.30285477638  
0.915352284908 -0.529990136623 1.36103200912  
1.08798718452 -0.0862719044089 1.14236271381  
1.20036375523 -0.329641729593 0.550197839737  
1.43513536453 -0.168407127261 0.0871489793062  
1.19193923473 0.0277069993317 0.0546715334058  
1.43456685543 -0.749819278717 0.929994881153  
2.03864121437 -1.16237258911 0.548115253448  
1.24836194515 -0.692155957222 0.450727909803  
-0.732986450195 -0.585322737694 -0.0102070812136  
-1.39720523357 -0.0530098192394 0.124058842659  
-1.50440192223 -0.0342889651656 1.08321630955  
-0.866530418396 0.28940525651 1.23444795609  
0.496467709541 -0.289726048708 1.08805418015  
0.426896572113 0.158684313297 1.0006262064  
0.388243198395 0.410715103149 0.951891601086  
0.96627831459 0.773388803005 1.06205463409  
1.26716959476 1.04004466534 0.303971946239  
1.6429694891 1.10858106613 0.336338490248  
1.27730333805 1.19275617599 0.666974842548  
1.24911046028 1.18098294735 0.750662624836  
1.20408260822 0.615632772446 0.115506589413  
1.00907051563 1.30531573296 0.109915360808  
0.892321288586 1.21200370789 0.617574334145  
1.14628827572 0.312683314085 0.185190528631  
1.62146961689 0.250001728535 0.186646059155  
1.17301785946 0.339088410139 0.861435174942  
0.83467233181 0.346951127052 1.34160804749  
0.780196666718 0.679082214832 0.174272060394  
0.928501069546 0.237552538514 0.151291459799  
1.06054401398 0.997422218323 -0.425953775644  
1.37446725368 0.98115080595 -0.630450963974  
1.48645472527 0.157446146011 -0.506573855877  
1.18151640892 -0.0174755826592 -0.790893912315  
1.421615839 0.166414797306 -0.516799747944  
1.06294822693 0.606496810913 -0.348457545042  
1.65275585651 0.406868875027 -0.634423911572  
1.79250538349 -0.0152042610571 -0.658576369286  
1.78595066071 0.0386697761714 0.14087253809  
1.60170376301 -0.102025076747 0.286630660295  
1.68207037449 0.0575375147164 0.492468863726  
1.18582129478 -0.313746809959 0.392841696739  
1.0229357481 -0.25706294179 -0.309549033642  
1.28435647488 -0.515705108643 -0.196767404675  
0.886887431145 -1.35683822632 -0.117618054152  
1.27153706551 -0.718838334084 -0.364737540483  
1.11203193665 -0.586488187313 0.0175353940576  
1.51774299145 -0.223561316729 0.944348454475  
1.57161176205 -1.03886342049 1.1971654892  
0.475127309561 -1.11655247211 0.811877071857  
-0.892814457417 -1.1593298912 0.464257031679  
-1.26563513279 -0.0174835901707 0.923411846161  
-2.18369841576 -1.10567939281 0.984569311142  
-1.64502108097 -0.59145283699 0.68432277441  
0.286301255226 -0.370068669319 0.996178269386  
0.589745044708 -0.29240205884 0.912684381008  
1.0196685791 0.696778357029 1.00858581066  
0.888165354729 0.404426634312 0.895787537098  
0.990508675575 0.737743139267 0.612865805626  
1.53702020645 1.33987104893 0.894411742687  
1.5941747427 0.775668144226 0.485657244921  
1.00981068611 1.67570281029 0.456685602665  
1.21577274799 1.03684902191 -0.0511773265898  
1.38591504097 0.972409129143 0.432491868734  
1.76180934906 1.26633000374 0.74626660347  
1.32489347458 0.597770929337 0.252347379923  
1.2874661684 0.220538288355 0.893190920353  
0.828251302242 0.162293627858 1.25354754925  
0.371468693018 0.572358071804 0.768895506859  
0.556198656559 0.844423651695 0.213695064187  
0.499432384968 0.851753652096 0.333896994591  
1.31407511234 1.66105365753 -0.0483878441155  
0.833925068378 1.13483452797 -0.540805876255  
1.40158712864 0.848000228405 -0.474353998899  
1.29829931259 0.294632822275 -0.662126243114  
0.831492602825 0.784420132637 -0.300430506468  
1.26005136967 0.761262714863 0.0725956037641  
1.23358249664 0.160653308034 -0.194073066115  
1.14813768864 -0.783200085163 -0.751184940338  
1.78490877151 -0.139365538955 -0.234616577625  
2.08299469948 -0.398949623108 0.424042850733  
1.8943580389 -0.0174489654601 0.0945732519031  
1.50949621201 -0.0374698936939 -0.337921828032  
1.3694986105 -0.175686314702 -0.396561831236  
1.07477879524 -0.723186373711 -0.284676879644  
0.387353241444 -1.49792683125 -0.393024563789  
1.13358688354 -1.48334109783 -0.417817384005  
1.17404556274 -1.23374140263 -0.264588147402  
1.08829033375 -0.623678147793 0.82558709383  
1.58693552017 -0.240193933249 1.24796557426  
0.380893588066 -0.301988184452 0.426339387894  
-0.841877877712 -0.711512684822 0.346497029066  
-1.3526198864 -0.403365641832 0.4139149189  
-1.63526761532 -1.13323974609 0.724876761436  
-1.24574351311 -0.601556837559 1.23335516453  
0.598899006844 -0.436288923025 0.68630695343  
-0.0247571263462 -0.477168351412 1.23192870617  
0.133547455072 0.220978230238 1.1616743803  
-0.00313791306689 0.486737161875 1.17748427391  
0.381985604763 0.320975393057 0.856882035732  
0.725889086723 0.91930949688 0.813482522964  
0.690581202507 1.28489804268 0.118981316686  
1.02719926834 1.85448026657 0.22028362751  
1.23102664948 1.14483940601 -0.107235148549  
1.0741866827 0.904856026173 0.721786081791  
1.79170227051 0.958734750748 0.725841641426  
1.8311290741 0.87389165163 0.490940928459  
0.676962614059 0.497257083654 0.404514461756  
0.271565318108 0.788773834705 0.955118954182  
-0.187275111675 0.617895185947 0.356380075216  
0.176801517606 0.538108885288 0.0765798017383  
0.88304656744 1.02306294441 0.103386364877  
1.18382334709 1.24324679375 -0.28945684433  
0.9259288311 1.40416383743 -0.873207628727  
1.60961425304 1.2106808424 -0.64961540699  
1.45347380638 0.575294911861 -0.444542378187  
1.1168782711 0.555524945259 -0.353702485561  
1.06919634342 0.512876689434 -0.319047391415  
0.893258213997 -0.0567808486521 0.0240981802344  
1.32412552834 -0.926168203354 -0.002300291555  
1.79304921627 -0.621068298817 0.322198301554  
1.72998702526 -0.359394013882 0.146293506026  
1.84968674183 0.581903457642 -0.419725239277  
1.55559778214 -0.155683964491 -0.325724601746  
1.16539776325 -0.357768803835 -0.0715836584568  
0.907880663872 -0.305977463722 -0.50067025423  
1.21062016487 -1.26689124107 -0.541780233383  
0.880705237389 -1.25255417824 -0.981404066086  
1.15582931042 -0.763317108154 -0.673342466354  
1.42557680607 -0.414388924837 0.568608045578  
0.805343389511 -0.118948936462 0.688093721867  
0.0109316539019 -0.269135266542 0.801750123501  
-0.164677456021 -0.375492215157 0.84940892458  
-0.943736255169 -0.636336326599 0.0960158333182  
-1.09829187393 -1.67138338089 0.703595340252  
-0.749973475933 -0.999929130077 1.52181303501  
-0.0538609847426 -0.754114568233 1.46845841408  
0.404525399208 -0.633542120457 1.61045205593  
0.205306082964 -0.522381126881 1.30368423462  
-0.0751072317362 0.0407263785601 0.210574060678  
0.166875749826 0.180936381221 0.517640411854  
-0.0511026643217 0.268482476473 0.515145480633  
0.574084103107 0.89963555336 -0.0810403674841  
0.934251725674 1.33999180794 0.0808097496629  
1.21310162544 1.00540077686 -0.172861501575  
0.97136592865 0.550593316555 0.129958957434  
1.49628710747 0.541842997074 0.264618813992  
1.89296412468 0.964796125889 -0.030394082889  
0.619840145111 0.631944954395 -0.241771906614  
0.0331588611007 0.663589954376 -0.547634780407  
-0.110258892179 0.675541818142 -0.990759909153  
0.21789996326 0.598985314369 -0.551085293293  
0.582035005093 1.38964951038 -0.328866809607  
0.142065435648 1.41490006447 -0.514182806015  
-0.114418014884 0.937587022781 -0.846171557903  
0.776689052582 1.27661621571 -0.768778145313  
0.983026742935 0.591467916965 -0.803940713406  
1.28929483891 0.481076091528 -0.811585903168  
1.38711225986 0.371486008167 -0.87774169445  
0.885282576084 -0.403281182051 -0.440033227205  
1.05706083775 -0.493783950806 -0.0255482103676  
1.70777547359 -0.187894225121 -0.0843708887696  
1.369602561 0.124596133828 -0.323278963566  
1.10139167309 0.0202084369957 -0.780846774578  
0.969659686089 -0.703341662884 -1.25966119766  
1.16750097275 -0.936485111713 -0.496780604124  
1.05792248249 -0.697502374649 -0.984885334969  
0.457625508308 -1.08361363411 -1.08287715912  
0.446144580841 -1.05516791344 -0.718539893627  
1.14281046391 -1.11370265484 -0.578790605068  
1.22657096386 -0.639609158039 -0.202477559447  
1.40512549877 -1.07918739319 -0.271958738565  
0.601033091545 -0.164765045047 1.13915896416  
-0.313055485487 -0.911652982235 1.21095597744  
-1.4943151474 -0.982005476952 0.926863312721  
-1.00481498241 -0.871888756752 0.414373457432  
-0.375989109278 -1.02355766296 0.68330347538  
-0.164652839303 -1.0125875473 0.684703171253  
0.538360834122 -1.13198149204 1.27684724331  
0.125041857362 -1.10927784443 1.1956833601  
-0.231679052114 -0.318515688181 0.694328546524  
-0.0730939358473 0.161688759923 0.322844654322  
-0.145790457726 -0.399674832821 0.374861568213  
0.477081626654 -0.523329257965 0.311009854078  
0.830432295799 0.0462836287916 -0.454203307629  
0.993955254555 0.551720023155 0.0847750976682  
1.16061782837 0.451802074909 -0.239651113749  
1.3055768013 0.541017949581 -0.242882117629  
1.39117789268 0.043745148927 -0.535026550293  
1.03644621372 0.375320225954 -0.259207010269  
0.470489412546 0.594804227352 -0.852792322636  
0.603435575962 0.446632236242 -1.16994059086  
0.317211747169 -0.0654442831874 -1.44701337814  
0.241133511066 0.853512465954 -0.835324823856  
0.328871786594 1.48713028431 -0.838839054108  
0.510410964489 1.09957158566 -1.02545177937  
1.4082378149 0.834032833576 -0.914670109749  
1.26254057884 0.661454319954 -0.780755341053  
1.6969139576 -0.167242586613 -0.193214297295  
0.904218554497 -0.0115444688126 -1.17285323143  
1.26395010948 -0.285278946161 -0.852282941341  
1.02793383598 -0.697767138481 -0.0858457535505  
1.62229394913 -0.21588383615 -0.323149174452  
1.193318367 -0.132789313793 -0.975722134113  
1.22012281418 -0.100740551949 -1.80668032169  
0.925716042519 -0.581267476082 -1.6879658699  
1.17376375198 -1.00389921665 -1.10589075089  
0.805147111416 -1.53807199001 -0.489484131336  
0.525597691536 -0.620224952698 -1.49670112133  
0.1347450912 -0.336131155491 -1.09607791901  
0.390431374311 -1.60427904129 -0.663412094116  
1.0413287878 -1.36870241165 -0.178552046418  
1.77712905407 -1.45581841469 0.0146672977135  
-0.0474268011749 -0.250325143337 1.48517465591  
-0.669517457485 -0.750120341778 0.877314805984  
-1.01163887978 -0.846412479877 0.318862110376  
-1.68650960922 -0.854424655437 -0.260120481253  
-0.444048762321 -1.2407283783 0.926822185516  
-0.188294187188 -0.91100025177 0.961379110813  
-0.653036296368 -2.01334381104 0.840556740761  
-0.669702291489 -1.42994534969 0.915496706963  
-0.900686264038 -0.977497041225 0.594483852386  
0.00122915243264 -0.296064406633 0.792493700981  
-0.378087848425 -0.388604342937 0.717400491238  
-0.322650521994 -0.562946677208 0.473037034273  
0.0922716110945 -0.000767334422562 0.181051641703  
-0.137540221214 0.0204781293869 -0.67753970623  
0.549624145031 -0.0391057766974 -0.378341883421  
0.099840298295 -0.0532946810126 -0.397466301918  
0.415044397116 0.513143599033 -0.750495016575  
0.827193021774 0.190408483148 -0.630281150341  
1.05920064449 0.289106160402 -1.20208418369  
1.09881913662 0.549581348896 -1.1430965662  
0.419953525066 -0.273860484362 -1.0231385231  
0.395863503218 0.304041326046 -0.742575228214  
0.111357860267 0.837369918823 -0.0236912667751  
0.899532079697 1.38553345203 -0.790180325508  
1.38600981236 0.196741357446 -0.381979376078  
1.16346013546 -0.0132600329816 -0.98000305891  
0.912053048611 -0.268999278545 -0.488163858652  
0.238005116582 -0.484688252211 -1.00338065624  
0.727870047092 -0.670725166798 -0.645982205868  
1.76063549519 -0.95217949152 -0.302761137486  
1.58927714825 -0.877269685268 0.767264127731  
0.61470913887 -0.157932862639 -0.74613070488  
1.23606336117 -0.0304688420147 -2.57669949532  
1.17793715 -0.520855665207 -2.65143918991  
0.930739998817 -1.03659188747 -1.93944239616  
0.702444374561 -1.41661095619 -1.00246751308  
0.796275019646 -0.53454875946 -1.41587388515  
0.357980042696 0.160643771291 -1.00341904163  
0.99861317873 -1.65915298462 -0.144748911262  
1.6911277771 -1.13009035587 0.334314107895  
2.04093909264 -1.23617172241 -0.0258753150702  
-0.73338586092 -0.408267706633 0.594184696674  
-1.31683051586 -0.920041918755 0.994786322117  
-1.15768361092 -0.460524052382 0.70597410202  
-1.1870496273 -0.595645308495 0.146353259683  
-1.01772809029 -0.870767891407 0.471811920404  
-1.71316087246 -1.1627073288 0.963003873825  
-1.76471030712 -1.31425750256 0.778375327587  
-1.34139454365 -1.6283659935 0.870304465294  
-1.52304637432 -1.07760965824 0.671825885773  
-1.05133891106 -0.549902677536 0.8703815341  
-0.323199927807 -0.58172416687 0.866165578365  
-0.748720526695 -0.94636952877 -0.0502464994788  
0.237009271979 -0.0836433544755 -0.424135863781  
-0.278747349977 0.126384139061 -0.134922102094  
0.249427348375 -0.335607290268 -0.440544694662  
0.146340668201 -0.213772282004 -0.586612582207  
0.275998532772 -0.435679197311 -0.988326013088  
1.09068238735 -0.152116432786 -1.08673608303  
1.90681946278 0.33917465806 -1.2829310894  
0.678102791309 0.192997187376 -1.56638216972  
0.243628308177 -0.468475967646 -1.13043165207  
0.553286910057 0.370635718107 -1.40045630932  
0.209795281291 0.604304432869 -1.10573577881  
0.687835037708 1.02605521679 -0.819775342941  
1.30012118816 0.0505345761776 -0.694477558136  
1.11166703701 0.264442145824 -0.137807041407  
0.476927250624 0.608283758163 -0.371685266495  
-0.0410221889615 -0.218025609851 -0.753126740456  
0.949332237244 -0.757499575615 -0.756737291813  
1.69731557369 -0.703339934349 -1.15905201435  
1.50704061985 -0.68051725626 -0.430485844612  
0.818873941898 0.06869789958 -0.969061732292  
0.602588772774 -0.206119224429 -1.90535438061  
0.627665817738 -0.435026377439 -2.24903798103  
0.306714475155 -0.950724720955 -2.06767749786  
0.436170756817 -1.65020000935 -0.955782055855  
0.578826725483 -1.85277330875 -1.32035899162  
0.451054006815 -1.25286579132 -0.692923724651  
1.04086732864 -2.13301253319 -0.24724330008  
1.47499537468 -1.7714676857 0.38512185216  
2.13870692253 -1.50151968002 0.333748698235  
-0.6937032938 -0.600722134113 0.962250471115  
-0.981322050095 -1.00035059452 0.718417584896  
-1.39486253262 -0.81419479847 0.909460783005  
-1.33138334751 -0.530625104904 0.509667992592  
-1.0891520977 -0.939609527588 0.896308720112  
-1.53436112404 -1.28627789021 0.897122085094  
-1.45480108261 -1.3155990839 0.591852903366  
-1.06750059128 -1.31819689274 0.494581788778  
-1.26929545403 -0.479512244463 1.26967561245  
-0.889706671238 -0.891813576221 1.1523373127  
0.28639125824 -0.272675216198 1.20830583572  
-0.0535503849387 -0.46650531888 0.506217598915  
0.307707995176 -0.619770348072 0.347184479237  
-0.0893759131432 -0.256293177605 -0.246383816004  
-0.120555877686 -0.135400235653 -0.722749829292  
0.0113546093926 -0.300771862268 -0.99598222971  
0.0318067073822 -0.409955233335 -1.14481270313  
-0.38471481204 -0.404602766037 -1.26897311211  
0.327797293663 0.00362706906162 -0.932144641876  
0.904685974121 -0.0946760326624 -1.13133585453  
0.0875764191151 -0.157718867064 -1.67837560177  
-0.213642120361 0.0507861636579 -1.96462762356  
0.21208357811 0.160671666265 -1.73272633553  
0.7447245121 0.20986905694 -1.54158914089  
0.653712034225 -0.371383458376 -0.984196126461  
0.509177744389 0.185573667288 -0.210715889931  
0.671937763691 -0.439577668905 -0.683901548386  
-0.4036655128 -0.165958747268 -0.849200844765  
0.21296839416 -0.711862206459 -0.886264383793  
1.68668246269 -0.801030933857 -1.22602963448  
0.579011559486 -0.663055300713 -0.48310521245  
0.199353098869 -0.858315765858 -0.415964841843  
0.314250081778 -1.3182144165 -0.558556199074  
0.495141237974 -1.7670327425 -1.5920368433  
0.0454705692828 -1.60693180561 -1.5204269886  
0.57384032011 -1.67596435547 -0.362826734781  
0.359128862619 -1.38640630245 -0.522701561451  
0.127375900745 -2.51362943649 -0.595298111439  
0.420001000166 -2.10450839996 -0.614827752113  
1.8531409502 -1.01678299904 0.260739982128  
1.8841792345 -1.44784641266 0.10753108561  
-0.874725461006 -0.482212275267 0.790638744831  
-1.44184958935 -0.478420525789 0.081695869565  
-1.86097478867 -1.00693964958 0.607419967651  
-1.75544166565 -0.317029029131 1.28193330765  
-1.11652588844 -1.6261485815 0.982366979122  
-0.169167801738 -1.70928490162 1.09070789814  
-0.492855429649 -1.36240339279 0.779913723469  
0.00234345113859 -1.19143021107 0.151301175356  
-0.474104583263 -0.845548927784 0.97689974308  
-0.236863896251 -0.83407497406 1.16882050037  
0.0514318011701 -0.564596652985 1.29297292233  
0.245035588741 -0.640760362148 0.835496664047  
0.331533133984 -0.559925079346 0.912124454975  
0.0800058990717 -0.22498382628 0.190463468432  
-0.528684735298 -0.303717702627 -0.565928399563  
-0.535494983196 -0.116929553449 -1.2760925293  
-0.413523942232 -0.230623319745 -1.16657376289  
0.143548622727 -0.160932004452 -0.965706467628  
0.893952608109 0.100619420409 -0.818707287312  
1.31123912334 0.267542868853 -1.64927697182  
0.426982909441 0.225060805678 -1.8811160326  
-0.586213052273 -0.3022351861 -2.16549372673  
-0.94957023859 0.114836975932 -1.63959741592  
-0.753517091274 -0.145491242409 -1.05500030518  
0.0122201284394 -0.111013844609 -1.00101530552  
-0.256803661585 -0.354873090982 -0.815196692944  
-0.0849546417594 -0.386031448841 -1.05444192886  
0.109183296561 -0.487542241812 -1.28586852551  
0.589351296425 -0.638337790966 -1.31838357449  
0.835627377033 -1.0833543539 -0.845307767391  
0.0421098582447 -1.08936333656 -0.306042075157  
0.0762842670083 -1.80648720264 -0.393546074629  
0.0848903059959 -2.53539180756 -0.448822766542  
0.276767760515 -1.99658298492 -0.59437251091  
0.489176362753 -1.53109776974 -0.821668326855  
0.332841068506 -0.903377890587 -0.00824464391917  
0.221303775907 -1.1035746336 -0.717137694359  
0.0574622265995 -2.01356697083 -0.899613499641  
-0.00242399051785 -1.8872013092 0.0183140430599  
0.806425333023 -1.49024045467 0.88211774826  
1.34575378895 -1.28249955177 -0.17877548933  
-0.668963253498 -0.666338801384 0.335878610611  
-1.49483406544 -1.23456454277 0.43775382638  
-1.8945492506 -1.10851430893 0.201778754592  
-0.633675038815 -1.2111133337 0.61788380146  
-0.481392145157 -0.964278280735 0.510733664036  
-0.545105278492 -1.85479402542 0.351917922497  
-0.422447830439 -1.69317293167 0.178359821439  
-0.0725118368864 -1.10023570061 0.726334989071  
-0.656776607037 -0.844191431999 0.595289289951  
-0.577545642853 -0.904571413994 0.559697091579  
0.0866898223758 -1.0337587595 0.452551096678  
0.649285137653 -1.46175801754 0.414134413004  
0.471659898758 -1.07611608505 0.0774231404066  
0.237908571959 -0.754870057106 -0.551184177399  
-0.696807563305 -0.325129300356 -1.07260775566  
-0.945042610168 0.243915602565 -1.37825727463  
-0.31263422966 0.334604680538 -1.5463411808  
0.395738244057 0.523017287254 -1.55314171314  
0.338723242283 0.802032411098 -0.392093330622  
0.759620010853 0.958036363125 -0.577893733978  
0.945375919342 0.806730508804 -1.35174286366  
0.0486212782562 0.296507567167 -1.7862983942  
-1.08136498928 0.0758394226432 -2.30911636353  
-1.17683041096 -0.390579044819 -0.981195390224  
-0.685402393341 -0.541681110859 -1.37431275845  
0.247059822083 -0.585445225239 -1.20117592812  
0.273283660412 -0.55722796917 -1.179672122  
1.31183481216 -0.617407083511 -1.18829536438  
0.840337216854 -0.568379938602 -0.896697282791  
0.94163107872 -0.694489479065 -0.159576639533  
0.21608273685 -1.2043441534 -0.28229534626  
0.0514442287385 -1.67233681679 -0.235761463642  
-0.0851310193539 -2.19818472862 -0.671778202057  
0.301592200994 -1.77724587917 -0.377569943666  
0.460850179195 -0.878965616226 -0.645490169525  
0.579341292381 -0.616279840469 -0.163762032986  
0.233516514301 -1.32269656658 -0.57223033905  
-0.308086037636 -2.03838968277 -0.0361762307584  
-0.67346394062 -1.75957167149 0.363825440407  
-0.334872871637 -2.13416314125 0.0830395668745  
0.675598323345 -1.37663984299 -0.695529937744  
-1.02857077122 -0.707362174988 0.791008234024  
-1.06315624714 -1.1602332592 0.466865330935  
-1.24649107456 -1.2801835537 0.0596356876194  
-1.08792126179 -1.08240389824 0.789190113544  
-0.647830665112 -1.04831647873 0.508595883846  
-0.583445310593 -0.652847409248 0.386306971312  
-0.825417459011 -0.670115053654 0.360978543758  
-0.348050564528 -0.427732110023 0.247076362371  
-0.870237231255 -0.261549502611 0.275720626116  
-0.0924307107925 -1.19940948486 0.157139763236  
0.282052397728 -0.930243253708 0.0153808891773  
0.763066112995 -1.27108848095 0.241745188832  
0.850862801075 -0.926130592823 -0.480170726776  
0.765758991241 -0.854038834572 -0.714708685875  
-0.0469046644866 -0.971537590027 -1.12444865704  
-0.289409071207 -0.406286537647 -1.14634418488  
-0.769589781761 0.288515925407 -1.60209596157  
-0.0662641599774 -0.197423249483 -1.45958578587  
0.0604752711952 0.388319224119 -0.595189571381  
0.0741095095873 0.821300625801 -0.343644022942  
0.701059877872 0.0234113074839 -1.48823368549  
0.473455071449 -0.112998269498 -1.82828509808  
-0.501409649849 -0.226853340864 -1.87665498257  
-0.661002099514 -0.520836532116 -1.42693579197  
-0.649269461632 -0.530719935894 -1.15218496323  
0.160303980112 0.108571909368 -1.26060211658  
0.433844864368 -0.248926907778 -1.29122686386  
0.914670825005 0.0583272911608 -0.788345038891  
1.21579945087 -0.765373468399 -0.489480406046  
0.512614130974 -1.06044900417 -0.608443319798  
-0.120151907206 -1.24364089966 -0.459534585476  
0.0268966443837 -0.938586592674 -0.375039100647  
-0.676931262016 -1.20740187168 -0.696464121342  
0.0868667215109 -1.25736260414 -0.741749644279  
0.0982166007161 -1.14639246464 -0.631767034531  
0.0788648724556 -1.13681125641 -0.261093080044  
0.214199990034 -1.76497220993 -0.265209645033  
-0.474893510342 -1.72483563423 -0.0857120975852  
-0.819954633713 -2.23442721367 0.0689618363976  
-0.516194820404 -2.22877335548 -0.550481617451  
0.0568781644106 -1.95378708839 -0.830260574818  
-1.02808701992 0.0267331507057 1.08926510811  
-1.12547528744 -0.984304368496 0.97166121006  
-1.44695079327 -0.749421656132 0.505933701992  
-0.47551843524 -0.860548377037 0.412243515253  
0.0305987372994 -0.718734204769 -0.158862382174  
-0.920939028263 -0.533807396889 0.0439078211784  
-0.471865326166 0.23717585206 0.0917552188039  
-0.0345130153 0.849004685879 -0.22451852262  
-0.495460003614 0.175273343921 -0.429379045963  
0.106800161302 -0.762900412083 -0.272666394711  
0.935145437717 -0.681978344917 0.572114408016  
0.543553888798 -1.54221689701 -0.102642945945  
0.552179098129 -0.827990651131 -1.11326825619  
0.701630353928 -0.073275052011 -1.1867825985  
0.0945942923427 -0.795070648193 -0.352968811989  
-0.358169615269 -0.581791639328 -1.02969110012  
-0.717284023762 -0.121740825474 -1.78594076633  
0.0117478808388 -0.358044803143 -1.70759880543  
0.47398981452 0.275427520275 -1.3363764286  
0.537567079067 -0.148153394461 -1.00016522408  
0.542372822762 -0.545284807682 -1.94637954235  
-0.0144769968465 -0.401733994484 -1.75707352161  
-0.12555553019 -0.572825670242 -2.05181193352  
-0.342727005482 -0.367181509733 -1.25826132298  
0.147375687957 -0.547807991505 -1.66850912571  
0.7692745924 -0.45116508007 -0.641126692295  
0.759930849075 0.0425694398582 -0.69739061594  
1.0850725174 -0.379181265831 -0.80954605341  
0.907758057117 -0.502169489861 -0.244681492448  
-0.0246140807867 -0.794940173626 -0.272627979517  
0.00324811669998 -0.703058421612 -0.504454910755  
0.0750611200929 -0.91755771637 -0.825421452522  
-0.0562775954604 -1.12787544727 -0.585035324097  
0.134821921587 -1.28723490238 -0.507231771946  
0.0714720115066 -1.38128256798 -0.430751919746  
-0.236984476447 -1.24859535694 0.0976323634386  
0.311134815216 -1.38293218613 -0.0411996990442  
0.454012691975 -1.48400604725 0.598467290401  
0.145584210753 -1.91692686081 -0.414919525385  
0.81289690733 -2.47043728828 -0.458750963211  
0.792202830315 -2.37415385246 -0.708157122135  
-1.40934169292 0.351929545403 1.15674972534  
-1.08238887787 -0.677179217339 0.732895612717  
-1.14127480984 -0.794413864613 -0.0827518329024  
-0.618305385113 -0.0684966146946 0.142613738775  
-0.274637490511 -0.574753463268 0.533989131451  
-0.923222661018 -0.217596277595 0.79987424612  
-0.870802283287 0.730551660061 -0.102819159627  
0.0948461890221 0.275327533484 -0.926090717316  
0.183921948075 0.147363483906 -0.680944144726  
0.772333562374 -0.303440868855 -0.535089433193  
0.796728849411 0.0776171907783 0.316011160612  
0.70637512207 -0.811120927334 -0.173267439008  
0.209475427866 0.0646781250834 -1.55160331726  
1.32851994038 0.298482090235 -2.10777068138  
0.352490514517 -0.0488436259329 -1.84572565556  
-0.252826809883 -0.497586518526 -1.64037811756  
-0.569356739521 -0.0834062993526 -1.46543669701  
0.190739184618 -0.396992743015 -2.25587677956  
0.690383851528 0.589185357094 -1.75350737572  
0.840168178082 -0.0101809976622 -1.04284477234  
0.8172082901 -0.766518056393 -1.66575908661  
0.143807262182 -0.508385539055 -1.29043805599  
0.121008872986 -0.00191749550868 -2.14405250549  
-0.324929118156 -0.458996504545 -1.88182485104  
0.458734691143 -0.346762746572 -1.81789457798  
0.40154722333 -0.568183362484 -1.26588070393  
0.604692459106 0.0168294385076 -1.27705550194  
0.470491856337 -0.292471438646 -1.53320348263  
0.810852348804 -0.601923108101 -1.42385518551  
-0.271531581879 -0.270269066095 -0.941139221191  
-0.0628494247794 -0.479465901852 -0.781055808067  
-0.0396230220795 -0.38140001893 -0.596792638302  
-0.431573837996 -0.59660756588 -0.748199105263  
-0.831558227539 -0.876068174839 0.0597933456302  
-0.0768516510725 -1.55485713482 -0.246222570539  
-0.473136603832 -1.4841350317 -0.380158931017  
0.294817864895 -1.35882329941 0.331975728273  
0.275487065315 -1.67006504536 0.646962404251  
0.686422765255 -1.73833703995 -0.171215310693  
1.00701773167 -2.12067937851 -0.118792928755  
0.881538689137 -1.54626095295 -0.607951879501  
-1.4143614769 -0.201670318842 0.582439899445  
-1.17416846752 0.0506192445755 -0.00515400385484  
-0.987231135368 -0.541528761387 0.167937591672  
-0.84588098526 -0.0398113057017 0.586360275745  
-0.621074438095 -0.312113076448 0.215894088149  
-0.0717788562179 0.175983294845 0.0179022550583  
-0.657449305058 0.0317629612982 -0.227554917336  
-0.913906157017 0.193826034665 -0.44914957881  
-0.0438854061067 0.802519142628 -0.680326104164  
0.378104865551 -0.21249845624 -0.806805551052  
0.961262106895 -0.0973328575492 -0.352633446455  
0.451378077269 -0.223572343588 -0.271839112043  
0.441761523485 0.0496171563864 -1.37005889416  
0.461660861969 0.68199467659 -1.97552573681  
0.753990590572 0.567643105984 -1.30640828609  
0.595970928669 0.216092050076 -1.02601802349  
0.287518501282 -0.389863044024 -1.58883488178  
0.278959572315 0.41659706831 -1.80029404163  
0.726462185383 0.490290075541 -1.52174389362  
0.620978295803 -0.447952449322 -1.16509914398  
0.994801163673 -0.649962425232 -0.533899068832  
0.697627186775 -0.502979516983 -1.74613440037  
0.437047451735 0.0425522513688 -1.98470723629  
0.41876360774 -0.371756911278 -1.38784694672  
0.52123516798 -0.728565216064 -1.54714226723  
0.185078546405 -0.160598605871 -0.997519671917  
-0.160703539848 -0.339123308659 -1.44454967976  
0.253865450621 -0.45656812191 -1.71408355236  
0.561837553978 -0.54703438282 -1.25940442085  
0.564319193363 -0.102514967322 -1.35546147823  
0.350265592337 -0.713049054146 -1.12962722778  
-0.23760394752 -0.104314595461 -0.468303769827  
-0.767793178558 -0.866277396679 -0.16274407506  
-0.476137757301 -1.27151834965 0.318463027477  
-0.605846703053 -1.8543715477 -0.756439387798  
-0.534582853317 -2.49504041672 -0.964400589466  
-0.306978106499 -1.59193217754 -0.124446973205  
0.256310850382 -0.863015472889 0.0578363165259  
0.529855012894 -1.60186648369 -0.523458480835  
0.261064916849 -1.65008962154 -0.548977375031  
0.190896838903 -1.26794505119 -0.673044383526  
-1.15605044365 -0.383500933647 0.236274406314  
-0.0946795418859 -0.712391734123 -0.158814325929  
-0.919790863991 -0.203666612506 0.157241478562  
-0.548610985279 0.342795431614 0.469699978828  
0.0153584135696 -0.0802056714892 1.14314055443  
-0.137379556894 0.278809309006 0.516595363617  
-0.223195701838 0.687112867832 -0.0194974653423  
-0.205027833581 0.579675734043 -0.650451183319  
0.437446206808 0.414368659258 -0.832176148891  
0.257094591856 -0.0657723248005 -0.689880013466  
0.34614393115 0.290410369635 -0.301347345114  
-0.0120034283027 0.708201885223 -0.252759486437  
-0.379550039768 0.760050952435 -1.07164895535  
-0.386391162872 0.524716377258 -1.74854803085  
0.108197383583 1.31805682182 -1.29421401024  
0.528909802437 0.411384552717 -1.34793627262  
0.281443208456 0.138305425644 -1.67039775848  
0.92466545105 0.227706745267 -1.81940746307  
1.25891339779 0.108738936484 -1.96869444847  
0.479083955288 -0.21301651001 -1.7184984684  
0.746496081352 -0.273341953754 -0.421608477831  
0.970550000668 0.0885223150253 -1.41343009472  
0.641724467278 -0.123993210495 -2.0642721653  
0.518786251545 -0.345052689314 -2.19916439056  
0.438913881779 -0.398753881454 -2.08531308174  
0.49253231287 -0.368291676044 -1.12708568573  
-0.182354748249 -0.85966193676 -0.942425489426  
-0.201399758458 -0.987950325012 -0.831619262695  
-0.0544887147844 -0.697611808777 -1.14168953896  
-0.495462447405 -0.445381373167 -1.13435864449  
-0.157726451755 -0.182908400893 -0.74207264185  
-0.658248305321 -0.389388084412 -0.566262423992  
-0.856232643127 -0.353168517351 -0.250423103571  
-0.944391012192 -1.37822055817 0.198653191328  
-0.29294270277 -2.19482111931 -0.426824182272  
-0.769275784492 -2.18376231194 -1.01225244999  
-0.603088319302 -1.89197182655 -0.396952778101  
-0.494007349014 -1.57334220409 0.30936846137  
0.44455575943 -1.69495260715 0.300811290741  
0.278898775578 -2.2025821209 0.0770112425089  
0.442820608616 -1.30118060112 0.628583729267  
-0.672387421131 -0.789903104305 0.245155587792  
-0.246929392219 -0.422469615936 0.333465129137  
-0.471994817257 0.628455042839 0.266310185194  
-0.530551731586 0.603887140751 -0.0513469390571  
-0.644871711731 -0.466249257326 0.272851109505  
0.041351441294 -0.595561861992 -0.0506137683988  
0.490270197392 0.182661116123 -0.108728311956  
0.516849398613 0.595336198807 -0.350079655647  
0.741790413857 0.0906551629305 -1.08321344852  
0.785082757473 -0.0538785085082 -1.27310800552  
0.161423116922 0.0353205911815 -0.690437018871  
0.170437604189 0.36578899622 -1.00558698177  
0.162201702595 -0.167598649859 -1.51275885105  
-0.25710490346 -0.421055406332 -1.30621218681  
0.163656890392 0.258739441633 -1.15000629425  
0.812803387642 -0.0654720813036 -1.24230396748  
0.684826731682 0.647723197937 -1.77927291393  
1.24906802177 0.921406328678 -0.493697226048  
1.70389199257 0.406537771225 -0.903743624687  
0.990752875805 -0.426962524652 -1.05805706978  
1.46436619759 0.168419286609 -0.468457996845  
1.34076356888 0.161644399166 -0.372104078531  
1.14989888668 -0.401322692633 -1.60773873329  
0.225866943598 -0.72080206871 -2.06910419464  
0.105292163789 -0.346631407738 -1.46024346352  
-0.159463137388 -0.492866516113 -0.857242584229  
-0.394412904978 -0.816205561161 -0.592450261116  
-0.50343734026 -0.996855676174 -0.507351100445  
-0.702946186066 -1.01638126373 -0.517688930035  
-0.698937296867 -0.836813926697 -0.355595290661  
-0.600808858871 -0.462980300188 -0.442238271236  
-0.444099277258 -0.598627686501 -0.786155343056  
-0.529885232449 -0.990160703659 0.635324180126  
-0.683001160622 -1.36063075066 0.0964971482754  
-0.538341283798 -2.47358155251 -0.641591250896  
-1.1741014719 -2.2057185173 -1.02864611149  
-0.657851696014 -1.32060182095 -0.680811524391  
0.0133278891444 -1.31210017204 0.188661202788  
-0.00940280780196 -1.78533887863 -0.0431603379548  
0.580550014973 -1.62708461285 0.108741380274  
0.287010490894 -1.41865706444 0.15867729485  
-0.69569760561 -1.19143986702 0.180517300963  
-0.651258289814 -0.560962498188 0.106216646731  
-1.10679197311 0.743028044701 0.301032721996  
-0.954358160496 0.943079948425 -0.221820861101  
-1.04407250881 -0.0878695622087 0.0685356557369  
0.103538744152 -0.355526655912 0.173597678542  
0.399571716785 0.149157181382 0.448511123657  
0.827783465385 0.749795675278 0.0256265588105  
0.732034683228 0.379496216774 -0.355092048645  
0.948389828205 -0.413382560015 -0.302610725164  
0.845034837723 -0.116650991142 -1.45345973969  
0.613184630871 -0.000267725117737 -1.51714074612  
0.403386980295 -0.0136802271008 -2.01799488068  
0.561218202114 -0.303493410349 -1.56153571606  
-0.421002626419 -0.19291087985 -0.854878902435  
0.371027499437 -0.394322365522 -1.02529227734  
0.708010911942 0.385226398706 -1.15004312992  
1.40247523785 0.28286549449 -0.266731590033  
1.79881978035 0.451837152243 0.0130569422618  
1.2202783823 -0.254730522633 -0.704304695129  
1.06556081772 0.261920273304 -0.244622632861  
1.09806931019 -0.172145277262 -0.425777792931  
0.500083148479 -0.390979558229 -1.08870601654  
-0.540928900242 -0.278825283051 -1.49408555031  
-0.00212183268741 -0.288717865944 -1.53763246536  
-0.187095120549 -0.648142933846 -0.970034718513  
-0.595608711243 -1.14306092262 -1.14613449574  
-0.353487372398 -1.09485042095 -0.445668846369  
-0.91420429945 -1.09152364731 -0.103218048811  
-0.77433514595 -1.3990778923 -0.227932795882  
-0.812953531742 -1.20863771439 -0.381369709969  
-0.249983534217 -0.810410380363 -0.470341205597  
-0.386938869953 -1.00346791744 -0.303914815187  
-0.870371222496 -1.25823175907 -0.0627373084426  
-0.597370505333 -1.78247463703 -0.441629827023  
-1.0171661377 -1.6511900425 -0.66115885973  
-0.441346764565 -1.74218428135 -0.600823938847  
-0.711394250393 -1.23706614971 -0.10933624953  
-0.798549056053 -1.78627550602 -0.727870941162  
-0.222448304296 -1.88205242157 -0.525824010372  
0.378905683756 -1.68150007725 -0.162868827581  
-1.1551463604 -0.418864607811 0.118444867432  
-0.749729037285 -0.628785014153 0.665629088879  
-0.36920055747 0.0297416914254 0.669268727303  
-0.259418785572 0.843122959137 0.00589931244031  
-0.0814263820648 1.40653955936 0.27378281951  
0.65198880434 -0.206953182817 0.437592059374  
0.741751611233 0.891820907593 0.445650219917  
1.33344531059 0.518207252026 0.0716664493084  
1.47225487232 0.291115254164 -0.351400256157  
0.989610433578 -0.574375927448 -1.2810703516  
1.01425719261 -0.360733121634 -0.758884906769  
0.630266726017 -0.192996203899 -1.17293524742  
0.482373684645 -0.102020934224 -1.4115998745  
0.0829546302557 -0.300331652164 -1.89023387432  
0.698532819748 0.217616379261 -1.15723741055  
1.17230892181 -0.160760119557 -1.45370161533  
1.57589769363 0.192792996764 -1.24879455566  
1.96398532391 0.314168840647 -0.824297070503  
2.05317187309 0.0574770122766 -0.241054192185  
1.20018899441 -0.120771825314 -0.51868647337  
1.20432138443 0.132219672203 -0.00114275026135  
1.30603849888 -0.72687703371 -0.551126718521  
1.14935314655 -0.661244452 -0.297213941813  
0.118093334138 -0.152725502849 -0.254499703646  
-0.30190461874 -0.846937716007 -0.570662856102  
-0.414477854967 -1.12494826317 -0.321312785149  
-0.0253246240318 -0.970908164978 -1.14274454117  
-0.00860574934632 -0.856036186218 -0.613812148571  
-1.189676404 -1.29672849178 -0.880891621113  
-1.37209415436 -1.10468232632 -0.22761015594  
-1.09033226967 -1.07201600075 -0.121089115739  
-0.529163599014 -1.31333136559 -0.41433775425  
-0.351697564125 -1.29057645798 -0.892356753349  
-0.425136715174 -1.53399467468 -0.0408227741718  
-0.846380472183 -1.66239476204 -0.401155918837  
-0.994755387306 -1.05382955074 -0.888285636902  
-0.466137230396 -1.32684791088 -1.24854528904  
-0.838227808475 -2.1879389286 -0.702008008957  
-1.37409770489 -2.19039845467 -0.601591169834  
-0.765906512737 -1.32583904266 -0.592574238777  
0.224930465221 -1.04801118374 -1.18136131763  
-1.24057412148 0.202252566814 0.817212700844  
-1.03216028214 0.0332027338445 0.511883378029  
-0.247335344553 0.279229253531 0.766317129135  
-0.19748519361 0.238956987858 0.667322516441  
0.146816551685 1.12353634834 0.694015145302  
0.408731073141 0.801383435726 0.808915734291  
1.15526771545 0.740754187107 0.334847956896  
1.38518130779 0.707929193974 -0.115770533681  
1.55109667778 0.228391900659 -0.934051394463  
0.820744991302 -0.48404866457 -1.27587163448  
1.03795421124 -0.220532536507 -1.86240005493  
1.46105933189 0.0702664330602 -1.30102801323  
0.72211509943 0.704311788082 -1.02792036533  
0.454165160656 -0.257336676121 -1.34536170959  
0.33052611351 0.169552743435 -1.08642590046  
0.870339751244 0.112853378057 -0.774719238281  
1.20314109325 0.149229064584 -0.65211969614  
1.49657046795 0.493704169989 -1.01358366013  
1.58533787727 -0.155945330858 0.172728896141  
1.31575632095 -0.0775935202837 0.126789182425  
0.889586806297 -0.142678767443 0.0642236843705  
1.06213259697 -0.839893341064 -0.0986397564411  
0.758429646492 -1.04085242748 0.186659649014  
0.119068846107 -0.941375315189 0.00637622270733  
-0.631092250347 -1.30097281933 0.245357275009  
-0.79230093956 -1.14012956619 -0.311003595591  
-0.38542792201 -1.0111849308 -0.213530227542  
-0.182966262102 -1.33484828472 -0.720171034336  
-0.531269669533 -1.70519053936 -1.06854438782  
-0.871576905251 -1.38921523094 -0.995882749557  
-0.964561581612 -1.03795075417 -1.40037691593  
-0.749680459499 -1.21969115734 -1.29896807671  
-0.35924461484 -1.4305216074 -1.44995307922  
-0.896074712276 -1.74368107319 -0.527271270752  
-0.591662704945 -1.45988976955 -0.790770292282  
-0.0954117178917 -1.48028862476 -0.799369752407  
-0.838375747204 -1.16827249527 -1.24062407017  
-1.06995153427 -1.8030025959 -0.968349039555  
-1.16989803314 -2.07381653786 -0.930011510849  
-1.02922582626 -1.77928543091 -0.61600959301  
-0.000349458045093 -1.18693816662 -1.62395679951  
-0.626172959805 -0.634449541569 0.7652297616  
-0.893097579479 -0.327674984932 0.473567128181  
-0.265376240015 0.395280301571 0.575675666332  
-0.417495936155 0.511467516422 0.678219676018  
-0.400875598192 0.725066184998 0.896025121212  
-0.201960712671 0.892122447491 0.399231016636  
-0.0740788653493 0.803589165211 0.172345653176  
0.651941120625 0.137686744332 -0.430165231228  
1.63049089909 -0.369035094976 -0.303162515163  
1.43697404861 -0.0741805583239 -0.998235702515  
1.57564711571 -0.0329548791051 -0.843352138996  
1.89138233662 0.300437986851 -0.629362761974  
1.60557258129 0.726353883743 -0.489613234997  
0.996996104717 0.150240287185 -0.310299783945  
0.532225012779 0.636433422565 -0.35398966074  
0.145187363029 0.117948889732 -0.0066841468215  
0.763642549515 0.703767180443 -0.0978817939758  
1.154920578 0.792881369591 -0.400859385729  
1.926243186 0.414575070143 -0.246896594763  
1.22545278072 0.485067635775 0.00921738985926  
0.701485991478 -0.102244913578 -0.431440383196  
0.773186922073 -0.477142781019 -0.672504365444  
1.1444144249 -0.835240960121 -0.557360827923  
0.495671451092 -1.24948835373 -0.153987422585  
-0.341936647892 -1.66276443005 -0.122788086534  
-0.659689843655 -1.51500976086 -0.422691494226  
-0.0699957534671 -1.78660929203 -0.428696542978  
0.45485830307 -1.77044200897 -0.537499547005  
0.145218625665 -1.28612434864 -1.30534136295  
-1.03009462357 -1.07667887211 -1.94487285614  
-0.515207767487 -1.07177245617 -1.91894495487  
-0.819379210472 -1.53137350082 -2.06909775734  
-0.502024829388 -1.92990493774 -1.56862354279  
-1.2503798008 -1.69638884068 -1.51856470108  
-0.733221948147 -1.57005727291 -0.823206663132  
-0.137609109282 -1.33800125122 -0.8762165308  
-0.550612866879 -1.62196230888 -1.01051533222  
-0.964835464954 -1.96694302559 -0.824628055096  
-0.488085120916 -2.35505962372 -1.21134734154  
-0.389695346355 -2.00547742844 -1.45528578758  
0.209983706474 -1.83938026428 -1.24626398087  
-0.565166354179 -0.343705058098 0.160166621208  
-0.404739767313 0.60615748167 0.320258706808  
-0.382011443377 0.861905694008 0.399222582579  
-0.110044434667 1.027307868 0.922839105129  
0.0764599069953 1.25888466835 0.506118297577  
-0.329302221537 0.81472492218 0.0208532828838  
0.0312954373658 0.136717498302 0.143112957478  
1.1191008091 0.36238977313 -0.22052899003  
1.28805434704 0.270121365786 -0.565723657608  
1.41955685616 0.222418799996 -0.900106370449  
1.64435958862 0.395229667425 -0.921043336391  
1.81101286411 0.868323862553 -0.669459819794  
1.20761477947 0.900129079819 -0.317635059357  
1.25501596928 0.818054139614 0.247385472059  
0.390738904476 0.890912234783 0.341955393553  
0.604258358479 0.759654462337 0.327177703381  
0.436708211899 0.0333320349455 0.487001210451  
1.27185833454 0.381115585566 -0.145916089416  
1.60871899128 0.138148471713 -0.46822822094  
1.05059230328 -0.270751565695 -0.305175215006  
0.871044814587 0.220698684454 -0.314304411411  
0.78125244379 0.025800505653 -0.638407468796  
1.1025737524 -0.674659788609 -0.740858912468  
0.305702835321 -1.31149291992 -0.149751469493  
0.0418581701815 -1.34275579453 -0.00111445924267  
0.0277097132057 -1.37482619286 -0.619905650616  
0.60627913475 -1.14674663544 -0.794958770275  
-0.625649929047 -1.18282496929 -1.06504094601  
-0.544125497341 -1.0022393465 -1.64727962017  
-1.48351943493 -1.47072649002 -1.56339907646  
-1.39578747749 -1.0189011097 -1.42807209492  
-1.3616963625 -1.10960066319 -2.05492448807  
-1.06576919556 -1.60714590549 -1.4184139967  
-1.65515112877 -1.71384608746 -1.22900295258  
-1.60741281509 -1.76774740219 -1.3310226202  
-1.37978649139 -1.69884300232 -0.874897420406  
-0.980452775955 -2.08327841759 -1.31756103039  
-1.04699862003 -2.29286050797 -1.32797884941  
-0.711815655231 -2.85073781013 -1.10265338421  
-0.597745060921 -2.50225663185 -1.43206298351  
-0.0430387221277 -1.79635822773 -1.11547505856  
0.00774190761149 0.868374466896 0.0633619874716  
0.0154786435887 1.36136639118 0.362544894218  
0.209399014711 1.73926889896 -0.0333327353001  
0.491292238235 1.00829792023 0.417758285999  
0.204160884023 1.19558382034 -0.290064573288  
0.606613099575 0.609009563923 -0.216487020254  
1.21266078949 0.145388096571 0.344251841307  
1.27410030365 0.370355367661 0.0170536786318  
0.913453102112 0.862002372742 -0.543502807617  
1.49043464661 0.365518063307 -0.584116518497  
1.57074153423 0.0248919725418 -1.05300045013  
1.58693706989 0.723923802376 -0.814044356346  
1.53521883488 0.931788802147 -0.666861474514  
0.699256896973 1.33521330357 0.214054524899  
0.266758680344 0.767247796059 0.207540512085  
0.593405306339 0.598693192005 0.0413591116667  
0.988821864128 0.381956368685 0.542337059975  
1.26110208035 0.0526923537254 -0.437144905329  
1.17134451866 0.130899295211 -0.251521855593  
1.1937661171 -0.582631409168 -0.227314427495  
0.688045203686 -0.267657309771 -0.289967060089  
0.957071125507 -0.231304660439 -1.02886676788  
0.371935665607 -0.611715555191 -1.05860412121  
-0.236655056477 -1.18048810959 -0.424508005381  
-0.011568877846 -0.720759212971 -0.157668113708  
0.512074112892 -1.06812679768 -0.0989287272096  
0.235010623932 -0.754694998264 -0.629805386066  
-0.239502057433 -0.695235073566 -1.23526144028  
-1.40322256088 -0.432363897562 -1.43055820465  
-2.11666417122 -1.20294427872 -2.06921815872  
-1.94804310799 -1.11632561684 -1.80797755718  
-1.45672369003 -1.63399839401 -2.17860794067  
-1.33877444267 -1.42551779747 -1.78775811195  
-1.64926326275 -1.52844846249 -1.84759652615  
-1.5738363266 -1.83585250378 -1.16575682163  
-2.07538676262 -1.90902912617 -0.53323584795  
-1.75716328621 -1.92677950859 -0.86582005024  
-1.55492734909 -2.2290160656 -0.90582805872  
-0.937418997288 -3.06102752686 -1.16350388527  
-0.405757278204 -2.43034768105 -1.22124409676  
0.0896846726537 -1.60872483253 -1.08733773232  
-0.213710173965 2.18179655075 -0.328288823366  
0.298738449812 1.6594517231 -0.286891281605  
0.169264689088 1.8275731802 -0.207299441099  
0.0761344656348 0.886485993862 0.105034910142  
0.256868839264 0.703231811523 -0.138098120689  
0.493257790804 0.16411049664 0.325308412313  
1.02694177628 0.119160741568 0.325068414211  
1.41967833042 0.619977235794 0.0347368940711  
0.770089507103 0.881160080433 0.17999202013  
0.883034825325 0.163605988026 -0.518823862076  
1.20407497883 0.259533882141 -0.551565468311  
1.58897149563 0.815209984779 -0.976272940636  
1.43084108829 1.21281039715 -0.97878497839  
0.879444360733 1.52146112919 -0.0496637225151  
0.243502005935 0.995661973953 0.202884241939  
0.809234321117 0.60507440567 0.450674623251  
0.851125359535 0.952222168446 0.920046627522  
0.908532321453 0.55166476965 0.7210329175  
0.532183945179 0.247462391853 -0.0725298449397  
0.422554731369 0.29740190506 -0.237312436104  
0.488380044699 0.210064589977 -0.440900951624  
0.756555199623 0.335900366306 -0.0784213095903  
-0.126403853297 -0.246871501207 -1.02249968052  
-0.382312059402 -0.307404249907 -1.08455622196  
-0.0528605058789 -0.907138347626 -0.539929509163  
0.291519999504 -0.57205080986 -0.383188337088  
-0.140124037862 -1.18579697609 -0.424567013979  
-0.677978157997 -0.806055247784 -0.628639101982  
-1.48899757862 -0.552038490772 -1.5343105793  
-1.75287795067 -0.423959732056 -1.6147352457  
-1.54009032249 -0.755972445011 -1.8727029562  
-1.59541189671 -1.96629011631 -2.42838048935  
-1.44610619545 -1.68743824959 -2.17294955254  
-1.95088648796 -1.89946532249 -1.52217268944  
-1.84981334209 -1.75657558441 -1.02363705635  
-1.28831422329 -2.02925610542 -0.554892718792  
-1.03125667572 -1.98290884495 -0.731525719166  
-1.72028803825 -1.40929663181 -0.934516370296  
-0.701126515865 -2.10244774818 -1.03341567516  
-0.775181353092 -1.77657341957 -1.06159698963  
-0.449904024601 -1.4868427515 -1.35715401173  
