0.620849967003 1.1106402874 0.992547571659  
0.772034943104 1.16649603844 0.263352125883  
-0.130372524261 0.681301057339 0.479482322931  
-0.450171679258 0.565065026283 -0.351095944643  
0.0414692312479 0.347555816174 -0.156849548221  
0.210780382156 -0.122596144676 -0.100216090679  
0.106411457062 0.852050244808 -0.308889448643  
0.288591474295 1.82416462898 -0.382323175669  
1.14494764805 0.786507248878 -0.0613309107721  
1.45351493359 -0.0333561636508 0.251286178827  
1.34936654568 -0.0756091400981 -0.0679841190577  
1.11203277111 -0.262537479401 -0.546559989452  
1.22296774387 -0.599251389503 -0.404642045498  
1.3505975008 -0.800917506218 -0.226743713021  
1.18598997593 -0.704596817493 -0.587682962418  
0.439029961824 -0.804787456989 -0.471547156572  
-0.61046475172 -0.19455203414 -0.555887341499  
-0.713009476662 0.185679629445 -0.160230174661  
-0.265863627195 0.196671202779 0.384283214808  
-0.276827543974 0.204030916095 -0.319738864899  
-0.403893440962 0.122115440667 -0.989548563957  
-0.296116828918 0.407174855471 -1.02244377136  
0.308844000101 0.650724053383 -0.223695263267  
-0.679899930954 0.763857424259 -0.872696101665  
-0.560765206814 0.186184644699 0.171897351742  
-0.795911192894 0.123924314976 0.640077650547  
-0.636474847794 0.333991318941 0.537214636803  
-1.25728285313 0.406675428152 0.0136136487126  
-0.871145665646 0.654983758926 0.57664078474  
-1.26337409019 0.819853544235 1.64005756378  
-0.920254647732 0.460058808327 0.986566245556  
-0.841057479382 -0.388128697872 1.22189557552  
-0.497190326452 -0.14059188962 1.65019857883  
-0.455565363169 0.570150136948 1.79444158077  
-0.130517721176 -0.162685275078 1.80617749691  
-0.300114005804 0.146309822798 1.75222539902  
-0.237392917275 0.592531561852 2.49569559097  
-0.843909919262 0.804496467113 2.25930595398  
-0.248181253672 0.675329744816 2.02449822426  
-0.447966575623 0.43069434166 0.999011814594  
-0.661982834339 1.0511944294 1.24500393867  
0.686131179333 0.356621384621 0.589424729347  
0.359262526035 0.693541228771 0.212630927563  
0.266798168421 0.722130477428 0.0167208760977  
0.33534899354 0.661330521107 -0.0950986146927  
-0.0455396436155 0.806607365608 0.121607474983  
-0.126761093736 0.430169254541 -0.285163253546  
0.186804696918 1.13303613663 -0.262774884701  
0.655231535435 1.84625434875 -0.721921980381  
0.711125791073 1.10484242439 -0.109753236175  
1.66419696808 -0.0140100447461 0.336575031281  
2.16493487358 -0.103413976729 0.18351124227  
2.01443457603 -0.59294116497 0.226716265082  
1.23707079887 -0.658279418945 0.103354774415  
1.33761036396 -0.941227674484 -0.166279628873  
1.02082777023 -0.579774856567 -0.27607023716  
0.410976797342 -0.394740402699 -0.53065174818  
-0.0859606191516 0.378937780857 -0.188487008214  
-0.670956373215 0.735306024551 -0.479354649782  
-0.355664610863 0.456548184156 -0.485364496708  
-0.38856497407 0.278264671564 -1.47672891617  
-0.657371342182 -0.322140336037 -1.4100638628  
-0.0571846142411 0.22835585475 -0.995000481606  
-0.289359748363 0.54816865921 -0.147072523832  
-0.286418288946 0.593619585037 -0.0509488880634  
-0.650291204453 0.622236132622 -0.309484213591  
-1.08728516102 -0.245392546058 0.113544933498  
-1.19367456436 0.223718941212 0.745853304863  
-1.15839469433 -0.232798844576 0.352681070566  
-0.726538062096 0.296687304974 0.872299849987  
-0.833799958229 0.0920116454363 1.0055949688  
-1.67660903931 -0.0374363847077 0.890388727188  
-1.05639100075 0.0740404948592 1.12802660465  
-0.510281682014 1.06995677948 0.967028617859  
-0.815130531788 1.15866708755 1.25043070316  
-1.10871767998 0.639285266399 1.67425429821  
-0.758391916752 0.60840845108 1.8406920433  
-0.601247251034 0.725285768509 1.84919512272  
-0.722602665424 0.974023878574 2.15120530128  
0.14685960114 0.617229223251 2.28134989738  
-0.774103164673 0.906507432461 1.78589856625  
-0.15077444911 1.07514727116 1.73645365238  
-0.158764854074 0.353003680706 0.368491917849  
-0.621067345142 0.445368051529 -0.0832348912954  
0.337443709373 0.109595768154 0.0483006350696  
0.441918969154 0.661866545677 0.156857565045  
0.220277816057 1.15270781517 0.295962572098  
0.141108870506 0.891059994698 0.632882118225  
0.329137951136 1.45562982559 -0.338610351086  
1.01101911068 1.58071422577 -0.112259708345  
0.79252499342 1.13751232624 0.227412492037  
1.95083498955 0.16359603405 -0.609329819679  
2.17258906364 0.0387196205556 -0.340888231993  
1.96732509136 -0.0943958610296 0.247019305825  
1.41510808468 -0.536949157715 0.908353507519  
0.65517783165 -0.706580162048 0.348449856043  
0.813466727734 -0.726292788982 0.166496276855  
-0.0802178606391 -0.715018332005 -0.17939864099  
-0.091963917017 0.208721265197 0.0389046259224  
-0.663005053997 0.965960562229 -0.384371042252  
-0.424946665764 1.00170052052 -0.490257024765  
-0.380118399858 -0.578345000744 -0.723541200161  
-0.458204954863 -0.453171879053 -0.239949911833  
-0.401345133781 0.127276539803 -0.214488655329  
-0.823959052563 0.25017374754 -0.0841555595398  
-0.522075772285 0.407249808311 0.047671623528  
-0.982710123062 0.726646661758 -0.0770266056061  
-0.566757678986 0.20762783289 0.343694001436  
-0.710281252861 0.285291612148 0.171268224716  
-0.713975846767 0.45139375329 0.753425061703  
-0.777628958225 0.289826869965 0.74586558342  
-0.875922143459 0.282596021891 0.769323050976  
-0.850468754768 0.291442275047 0.860823631287  
-1.08433806896 1.04291582108 1.67866313457  
-0.433867663145 1.43304848671 1.70793950558  
-1.35799777508 1.12548816204 1.48614168167  
-1.90526413918 1.00013291836 2.11148834229  
-1.55235695839 0.77605009079 1.86716759205  
-1.03403449059 0.718791842461 1.85522544384  
-0.974211752415 0.840209901333 1.67018640041  
-0.119975939393 0.957192361355 1.50009095669  
-0.415843784809 0.888588488102 2.36466407776  
-0.591605126858 1.18937456608 2.29635071754  
-0.662251114845 0.37253972888 0.462689071894  
-0.468883424997 0.23219820857 0.204290345311  
0.235792413354 0.531136214733 0.956659317017  
0.568071246147 0.56827121973 0.568169534206  
0.624345839024 0.624358773232 0.624243795872  
0.667647182941 0.667589068413 0.667753696442  
0.740647137165 1.38060092926 0.279495060444  
0.970427334309 1.29064166546 0.572949111462  
1.04326593876 1.10449969769 -0.128309905529  
1.65528106689 1.20301151276 -0.28530010581  
2.38948130608 0.350529313087 -0.920814454556  
2.32660079002 -0.364332914352 -0.433161169291  
1.2110376358 -0.467675119638 0.800017952919  
0.830272912979 -0.482570886612 0.670171022415  
0.560714662075 -0.105768278241 -0.17947280407  
0.485249370337 0.15111169219 -0.571180462837  
0.120710723102 0.224967598915 -0.270776331425  
-0.554233372211 0.88187879324 -0.726297438145  
-0.445718497038 1.1336132288 -0.558903038502  
-0.647967576981 0.422987490892 -0.323486506939  
-0.704417645931 0.296884596348 -0.0064784665592  
-1.75128436089 0.593309164047 0.924509763718  
-1.57638537884 0.202284649014 0.357514500618  
-1.09505629539 0.680751562119 0.261455565691  
-1.45822286606 0.821640431881 0.343616038561  
-1.40280556679 0.273600637913 0.328004509211  
-1.59748077393 0.269517719746 0.573406934738  
-1.14425504208 0.317839860916 0.320899486542  
-1.0782623291 -0.00678364513442 0.521002411842  
-0.732140719891 0.112579502165 0.195876583457  
-0.771314382553 0.366625487804 0.864496827126  
-0.708895623684 1.17282283306 1.26692926884  
-1.5945237875 0.669019162655 1.68765711784  
-1.40493583679 1.26866805553 1.65705060959  
-1.73486149311 1.59991800785 2.32009410858  
-1.17483735085 0.941132009029 2.1888487339  
-0.822225868702 1.25451505184 2.21664690971  
-0.0899031683803 0.76648157835 2.36927103996  
0.0603027492762 1.34316301346 2.22536301613  
-0.258118063211 1.0946046114 2.17747545242  
-0.333896636963 1.41973280907 2.1688451767  
-0.0638529583812 0.506576001644 0.26376080513  
-0.219978362322 0.0465087965131 0.173789054155  
0.468131691217 0.224078625441 0.286255896091  
0.593754768372 0.593893647194 0.593698561192  
0.660066008568 0.660239517689 0.66033154726  
0.71419018507 0.714282035828 0.714485824108  
0.913840889931 1.22378277779 0.572996854782  
0.908362805843 1.18911123276 0.88072180748  
1.79668486118 1.23432910442 0.278737127781  
1.39012825489 1.73910045624 -0.380794584751  
2.29742097855 1.1340713501 -0.520767271519  
2.1167242527 0.781601905823 -0.2739828825  
1.67739272118 0.152082651854 0.193843200803  
0.964230954647 0.28521579504 0.31518805027  
1.01663136482 0.725192368031 -0.0808223634958  
0.839383363724 0.657229781151 -0.0910367593169  
0.428145110607 0.697540640831 -0.317871719599  
-0.252706676722 0.537810564041 -0.518432497978  
-0.635984897614 1.03489077091 -0.435380905867  
-0.822941958904 0.648924946785 -0.36145401001  
-0.63083922863 0.690972507 -0.259229570627  
-1.56929957867 1.27696216106 0.613838851452  
-1.43728077412 0.479141116142 0.0810315907001  
-1.51192486286 0.547186017036 -0.203274637461  
-1.53981590271 1.03745043278 -0.0272162463516  
-1.93950068951 0.245580345392 0.0315720699728  
-1.25975596905 0.0420207940042 0.693515539169  
-1.09765815735 -0.111495248973 0.747071862221  
-0.505263745785 -0.365362137556 0.463805049658  
-0.422779291868 0.590617716312 0.962152004242  
-0.673838734627 0.751725316048 1.27312195301  
-0.754406809807 0.998078227043 1.07422089577  
-0.834017157555 0.652004063129 1.41609656811  
-1.25410211086 1.03829312325 1.34812486172  
-1.47625398636 1.24198055267 2.07642102242  
-1.20577037334 0.79860252142 1.65644299984  
-1.08168685436 0.836604475975 1.77993893623  
-0.722768247128 0.800136744976 2.20365858078  
-0.296162933111 0.978316307068 2.52749109268  
-0.48870036006 1.55245292187 1.79356622696  
-0.34649810195 1.94173777103 2.32847738266  
-0.0409265458584 0.946992635727 0.00316335097887  
-0.423585563898 0.207944050431 0.515990376472  
0.0772351175547 0.536848723888 0.219422191381  
0.608927369118 0.608871996403 0.608663737774  
0.684602677822 0.684521794319 0.684559881687  
0.749395191669 0.749665617943 0.749379813671  
0.993884146214 0.982318639755 0.669884562492  
1.11369431019 0.634624660015 1.39725399017  
1.64472067356 1.38340938091 0.535538971424  
1.63752317429 1.00633299351 0.333034664392  
1.59891271591 0.470323860645 -0.0981921330094  
1.82950484753 0.454724609852 -0.402310550213  
1.43696784973 0.313087105751 0.22930277884  
1.12760806084 0.0854949578643 0.940488636494  
0.902620196342 0.539970040321 0.385694473982  
0.953194379807 0.989376306534 -0.444736242294  
0.268270403147 1.2471306324 -0.242537811399  
0.203678041697 1.40797877312 -0.893763780594  
-0.616611361504 0.771806120872 -0.551545739174  
-0.632534980774 1.22476458549 -0.895315289497  
-0.0369344092906 1.66831457615 -0.489205032587  
-1.11961519718 1.59430265427 -0.125563010573  
-1.50317788124 1.01133179665 0.366390526295  
-1.62484633923 0.240700632334 0.00373641541228  
-1.02187645435 0.652304768562 0.0291354451329  
-1.3450499773 0.505749225616 0.174221649766  
-1.38298869133 0.53574848175 0.0986556410789  
-0.825075805187 -0.220046460629 0.49449339509  
-0.55397862196 -0.0647686421871 0.625620484352  
-0.702957093716 0.249113798141 1.2878909111  
0.274982094765 0.921098947525 1.10362589359  
-0.18168759346 0.728114008904 1.3961596489  
-0.516466677189 0.798951983452 0.714190363884  
-0.539168000221 0.994159817696 1.48992872238  
-0.97598361969 0.731707453728 1.93261146545  
-1.0096783638 0.975592970848 1.77171397209  
-0.421801239252 0.814017772675 2.21982169151  
-0.457740962505 0.933676838875 2.41082191467  
-0.115654557943 1.10626709461 2.07884955406  
-0.28522759676 1.82180774212 2.32597351074  
0.278734982014 1.77297890186 1.99596166611  
0.0203833281994 1.25496387482 0.35357388854  
0.40403804183 0.66090887785 0.48208117485  
0.412662088871 0.107115283608 1.24979186058  
0.855778992176 0.578022778034 1.11177551746  
0.736281096935 0.640692472458 1.13227081299  
1.10098659992 0.551394104958 0.945319950581  
0.831501841545 0.831568479538 0.831292748451  
1.17905294895 1.2880833149 0.839806854725  
1.28308928013 1.10903167725 0.59598839283  
1.35120344162 0.471480548382 -0.0539422407746  
0.971179485321 0.397323876619 0.222827628255  
1.64090681076 0.876140058041 0.0756203681231  
1.36275160313 0.0708361491561 0.598982155323  
1.01793384552 0.0455221161246 0.599067389965  
1.33166515827 0.46624532342 0.756235599518  
0.458414316177 1.07343029976 0.0891673192382  
0.101250968874 1.23624956608 -0.00149277609307  
0.44000595808 1.11070501804 -0.607147097588  
0.686881840229 1.36877334118 -0.540300607681  
0.168920919299 1.69879341125 -0.568661272526  
-0.305010080338 1.4673511982 -0.447367191315  
-0.689955830574 1.71150362492 -0.150570943952  
-1.21560072899 1.45804333687 -0.445549488068  
-0.84119361639 0.722903132439 -0.0535064078867  
-0.841791749001 0.214118927717 0.0763376057148  
-1.51903867722 0.764208197594 -0.116999946535  
-1.24465501308 0.0463869683444 0.278671383858  
-0.43961802125 0.164449796081 0.125450342894  
-0.134385302663 0.286821514368 0.459510058165  
-0.618374049664 0.260076284409 0.962261140347  
0.198467954993 0.3649918437 0.890408635139  
-0.201609686017 1.10053467751 0.970542907715  
-0.952777385712 0.753334581852 1.09069025517  
-1.04269838333 1.09246206284 2.08542156219  
-0.541864991188 1.46091270447 2.37246775627  
-0.46906465292 1.13311564922 2.83740282059  
-0.422801077366 0.343660205603 2.7400496006  
-0.232018828392 0.600008428097 2.57682132721  
-0.184735536575 1.18487048149 2.05178403854  
-0.849154889584 1.11349189281 2.386906147  
-0.762651443481 1.34391140938 1.78983974457  
0.182862877846 0.906139135361 0.502640128136  
0.39705863595 0.473373502493 0.926678061485  
1.11099231243 -0.0835957527161 1.28584396839  
0.464724034071 0.610165715218 1.52841496468  
0.216840013862 0.453600823879 1.31251657009  
0.819540381432 1.14976239204 0.996026813984  
0.75328874588 0.432427823544 1.13933980465  
0.901342511177 0.901325583458 0.901317894459  
1.09065842628 0.962984323502 1.06037414074  
1.2841912508 1.02407515049 0.67607319355  
1.33181512356 0.198344290257 0.586424529552  
1.00274717808 0.245390087366 0.253860205412  
1.20386612415 0.139636293054 0.653052389622  
0.907127797604 -0.218380182981 0.517052948475  
0.612978100777 -0.337649524212 0.699607372284  
0.242837265134 0.693063020706 0.184717103839  
0.553408741951 1.08883118629 -0.0618409588933  
0.752434074879 1.08781135082 -0.0937021076679  
0.549500048161 1.46274828911 -0.12961114943  
0.507981181145 1.65781927109 -0.413662552834  
-0.418862134218 1.11625611782 0.180879369378  
-0.485016733408 1.05665743351 0.44624966383  
-1.27603030205 0.814189255238 -0.282717257738  
-0.741824686527 0.546998977661 -0.127887204289  
-0.173530742526 0.157094344497 -0.0929742902517  
-0.959140777588 0.352459520102 -0.134009823203  
-1.32325541973 0.360921144485 0.0446395128965  
-0.709677994251 -0.0556880384684 0.5065330863  
-0.530724644661 0.331399857998 0.305889964104  
-0.663475632668 0.00384979904629 0.690864145756  
-0.48978254199 0.487460196018 0.244525760412  
-0.484057992697 0.720567643642 0.389534205198  
-0.557478487492 0.959859728813 0.841430366039  
-0.995409548283 1.34453606606 1.77362883091  
-0.442150056362 1.5063945055 1.94916284084  
-0.556760191917 0.660378038883 2.7867910862  
-0.396998256445 0.860942184925 2.63454651833  
-0.0906770601869 0.814520180225 1.99300527573  
-0.124722383916 0.898983240128 1.96935033798  
-0.833619654179 1.10280811787 1.9882106781  
-0.685896217823 1.41797697544 1.90618598461  
0.967392027378 0.391017526388 0.567791759968  
0.463589280844 0.59007692337 0.952634036541  
0.819166243076 0.0856395214796 1.04011297226  
0.754571557045 0.882751762867 1.53292644024  
0.522652208805 1.16805458069 1.21796309948  
0.561946094036 1.34747445583 0.916133344173  
0.770907342434 0.934943675995 0.973914325237  
1.11050224304 0.299046248198 0.998879611492  
0.954915821552 0.954895913601 0.954911291599  
1.37739443779 0.703800618649 1.19047367573  
1.85293531418 -0.216191381216 0.968789577484  
1.24906492233 -0.00539259845391 0.414919316769  
1.66526973248 0.288953393698 0.531665384769  
0.886041879654 -0.590365767479 0.537957847118  
0.477124840021 -0.102345213294 0.430250585079  
0.0509371459484 0.579551637173 0.420241266489  
-0.213498696685 0.722793161869 0.18269084394  
0.151575937867 0.740166902542 0.3643437922  
0.453478991985 1.12536144257 -0.47698110342  
0.804832220078 1.0661008358 -0.122611798346  
0.337907135487 0.472926974297 0.190497249365  
-0.19370098412 0.668004930019 -0.0154806533828  
-0.295337229967 0.451782077551 -0.30289593339  
-0.446234852076 0.206305742264 -0.0293870512396  
-0.0658319294453 -0.171142861247 0.541486799717  
-0.850170731544 -0.322385400534 0.799899935722  
-1.22517430782 -0.193665057421 0.286013841629  
-0.63658875227 -0.113144174218 0.138257205486  
-0.477670282125 0.415342897177 0.179456233978  
-0.171902909875 0.402217000723 0.262091845274  
0.120917379856 0.354411691427 0.526334166527  
-0.277889758348 0.90096616745 1.03716349602  
-0.555366516113 1.57060563564 0.819891631603  
-1.02542245388 1.63424777985 1.40469288826  
-0.564148068428 1.60923159122 1.7912749052  
-0.504665851593 0.832053303719 2.67389535904  
-0.314933240414 1.41044199467 2.45722556114  
-0.432746291161 1.25629770756 2.42462205887  
-0.190946564078 1.42815220356 1.86994349957  
-0.113339625299 1.28002429008 1.62550103664  
-0.520970344543 1.11738276482 1.61556363106  
0.478951960802 0.865998923779 0.114444099367  
0.610667288303 0.317768245935 0.632444262505  
0.712907671928 -0.277884274721 1.1478151083  
0.267083346844 0.66674798727 1.3620005846  
0.357450157404 2.09566402435 1.21138799191  
0.793093442917 1.66833889484 1.08576750755  
1.10875284672 0.36405557394 0.996907711029  
0.594302535057 0.311206638813 1.37439036369  
0.953236997128 0.731546998024 1.25923264027  
0.98844408989 0.988871753216 0.988788545132  
1.22604084015 0.597143173218 0.431200683117  
1.14219284058 -0.23165987432 0.472041666508  
0.901063501835 0.221094056964 0.796466112137  
1.25127434731 -0.0280661471188 0.601470530033  
0.753831088543 -0.330132782459 0.522642612457  
0.435260504484 0.457820028067 0.573337078094  
0.0852815285325 0.87022548914 -0.0908431708813  
-0.208425879478 0.315545618534 -0.0160005055368  
-0.059671446681 0.142456069589 -0.0966276749969  
0.390618085861 0.184780329466 0.479476064444  
-0.320517867804 0.296389997005 0.0116666769609  
-0.0121950050816 0.622347712517 -0.00847730785608  
0.218006178737 -0.36914613843 -0.36743119359  
-0.652703583241 -0.69822114706 -0.779005169868  
-0.722444653511 -0.832883894444 0.258968442678  
-1.23502910137 -0.981139421463 1.1755913496  
-1.30332112312 -0.463903278112 0.221146076918  
-0.914473772049 0.443425297737 0.184835389256  
-0.532074391842 0.42688909173 -0.262860745192  
-0.451347857714 0.261463582516 -0.495207518339  
-1.0838547945 0.348549515009 0.196937173605  
-1.68436777592 1.12857961655 1.1194075346  
-0.78978061676 0.943519115448 1.19824242592  
-0.887579917908 1.31517267227 1.73438704014  
-0.925185680389 1.64836537838 2.09958386421  
-0.102002605796 1.70772647858 2.67176699638  
-0.121609769762 1.34377193451 2.17262721062  
-0.0517815761268 1.14689469337 2.14447999001  
-0.187510982156 1.33415591717 1.67242908478  
-0.598972260952 2.02997350693 1.99505627155  
-0.116478309035 1.58513557911 1.36343562603  
-0.257413059473 1.00237500668 1.00056040287  
0.411528021097 0.739353239536 1.37984466553  
0.467574805021 0.96647888422 1.90552520752  
0.352276086807 0.965102672577 1.64382123947  
0.450989991426 1.42009150982 1.49238145351  
0.901872098446 1.30091071129 1.30892193317  
0.58687889576 0.41103374958 1.15157032013  
0.867717266083 0.49319010973 1.46103096008  
0.899747550488 0.456891357899 1.94791150093  
0.550870418549 1.03337943554 1.1843470335  
1.00007402897 0.999870181084 1.00005221367  
0.439966082573 0.581827223301 1.06904017925  
0.825760245323 0.104245886207 0.7069054842  
0.896188318729 0.866699934006 0.258435696363  
0.0155303711072 0.109424598515 0.750516414642  
0.188645884395 0.120339766145 0.693295180798  
-0.40870064497 0.675688922405 -0.0337464511395  
-0.450098484755 0.108316190541 -0.579629600048  
-0.419486761093 0.231673508883 -0.506720781326  
-0.124899744987 -0.0249849408865 -0.491997778416  
-0.539149820805 0.0598680861294 -0.0764881893992  
-0.357803404331 0.165056452155 -0.0619520619512  
0.580214500427 -0.0260413568467 -0.00548799335957  
0.0241003744304 -0.426192313433 -0.29159668088  
-0.369916290045 -0.649112522602 0.196767836809  
-1.31797194481 -1.07310402393 0.0923447534442  
-1.38249349594 -0.576956272125 0.888246893883  
-0.965639829636 -0.0929765254259 0.407508611679  
-0.468826681376 -0.0713148936629 -0.0582215301692  
-1.30454576015 -0.277377158403 -0.593848228455  
-1.11678659916 -0.184506326914 0.632672429085  
-0.911568939686 0.68023276329 1.08679986  
-0.87111133337 0.353804707527 1.36182558537  
-0.799271345139 0.933851718903 1.36365664005  
0.145903453231 1.33301603794 2.22163486481  
0.49457731843 1.56636273861 2.24473285675  
-0.294336050749 1.50125014782 2.15715718269  
-0.358870506287 1.83477461338 1.48418974876  
-0.300720989704 0.881484925747 1.09460330009  
-0.0549067594111 0.773810207844 1.05509960651  
0.393802404404 1.14543962479 1.9900816679  
-0.530008018017 1.82285141945 1.44699811935  
0.327061444521 1.44239628315 1.23279690742  
0.247274085879 1.10048997402 1.68928730488  
0.383054226637 1.28673803806 1.58247613907  
0.658595263958 0.227822601795 2.06598424911  
0.0969364270568 0.227189302444 1.78687107563  
0.246638044715 0.363846391439 1.52639365196  
1.10485255718 1.01607608795 1.45651829243  
0.505260586739 1.20050346851 1.53446555138  
0.232748568058 0.920997083187 0.594196379185  
0.226897224784 1.07360363007 0.975752532482  
0.988550841808 0.988173484802 0.988101303577  
0.529491782188 0.359341770411 0.685646772385  
-0.0787919312716 0.398622602224 0.602154970169  
-0.106476172805 0.803693234921 0.540499389172  
-0.421962618828 0.862756669521 0.225275442004  
-0.28387644887 0.643737852573 -0.340450942516  
-0.730524659157 0.424614399672 -0.945726335049  
-0.24959076941 -0.469837963581 -0.575261473656  
-0.352797269821 -0.658670008183 0.307897597551  
-0.758078694344 -0.372701764107 0.390207886696  
-0.19867515564 -0.153608337045 0.294128149748  
0.375541239977 -0.344689100981 0.189148813486  
-0.1876116395 -0.363191097975 0.330538153648  
-0.451709091663 -0.464323937893 0.288917899132  
-1.16822075844 -0.579269945621 0.306863844395  
-1.09199011326 -0.59089756012 0.958364725113  
-1.019921422 -0.406832039356 0.700769066811  
-0.896542370319 -0.204954043031 0.0350689142942  
-0.485540539026 -0.622381567955 0.113485753536  
-0.803649783134 -0.355763942003 0.612409770489  
-0.396624207497 0.45858335495 1.17730021477  
-0.65372800827 0.57198125124 0.913719415665  
-0.602722406387 1.28593122959 1.02085113525  
-0.178830265999 1.35333371162 1.78501307964  
0.491480857134 1.51921975613 2.11857295036  
-0.396636068821 1.71336305141 2.14492154121  
0.332611709833 1.90966963768 1.41932749748  
-0.00545132393017 1.31808340549 1.27946078777  
0.0753112658858 0.554534912109 1.6446492672  
0.318872839212 0.935595095158 2.45895504951  
-0.724528849125 2.38373947144 1.37931764126  
-0.221159383655 1.87930512428 1.25810992718  
0.364037334919 1.02045178413 1.33090734482  
0.258090943098 0.487427473068 1.74773168564  
0.0288237035275 0.872333526611 2.17041277885  
0.551101624966 0.911891996861 1.90783464909  
0.0892879217863 0.742823719978 1.77562189102  
0.426018983126 1.23117792606 1.76840472221  
0.572040915489 1.12458455563 1.24511837959  
0.22689434886 1.01172375679 1.09210133553  
0.874448955059 1.17136967182 0.804899513721  
1.39838624001 1.01647472382 0.984253168106  
0.368455022573 0.803807795048 0.855273962021  
-0.163391530514 0.333324164152 0.469755768776  
-0.555989801884 0.586797714233 0.37136733532  
-0.736554086208 1.20527493954 0.175532713532  
-0.71385961771 1.01226341724 0.11270815134  
-0.81368803978 0.76627522707 -0.374572455883  
-0.278213202953 -0.10180272907 -0.00297835562378  
0.213014572859 -1.10479712486 0.674077510834  
0.0853923037648 -0.594563484192 0.00696728145704  
-0.29355430603 -0.516147136688 0.113914228976  
0.442778676748 -0.824437916279 0.00788481812924  
0.194483831525 -0.435723692179 -0.441513746977  
-0.508657157421 0.031894300133 -0.127442747355  
-0.358440041542 -0.585099160671 0.100307151675  
-1.11760759354 -0.457544535398 0.911148786545  
-0.712240695953 -0.533869564533 0.950223922729  
-0.956453680992 0.0314373262227 0.460770457983  
-0.919310092926 -0.26170361042 0.331037700176  
-0.910455584526 0.0548882484436 0.0916210189462  
-0.624049007893 -0.331078380346 1.11730480194  
-0.319269686937 0.00466712983325 1.12519085407  
-0.273716151714 0.843277335167 1.23726499081  
0.102540887892 0.941076338291 1.12584722042  
0.0142663586885 1.66480219364 1.63937413692  
-1.11001682281 1.49200367928 1.89607751369  
-0.517070055008 1.30316197872 1.54588651657  
0.0104023115709 1.28601741791 1.32094466686  
0.274875968695 0.673990011215 1.59629821777  
0.224117681384 1.35913825035 2.00477266312  
-0.591216802597 1.96356153488 1.69721579552  
-0.233939155936 2.08792543411 1.87306880951  
0.645650029182 1.39898955822 1.79270553589  
0.390514105558 0.374775141478 2.2244925499  
-0.034173451364 0.884680628777 1.91724002361  
0.377476662397 0.702198266983 1.85203337669  
0.435126930475 0.701961100101 1.81984591484  
-0.00318169756792 0.931568801403 0.947248399258  
0.207586467266 1.1425665617 0.977555155754  
0.574047029018 1.33116257191 0.990636765957  
0.245652139187 0.659872233868 0.815480589867  
0.190576851368 0.448788493872 1.01640927792  
0.219215109944 0.939601659775 0.759406864643  
0.119699023664 -0.0998388826847 0.332335740328  
-0.8646068573 0.636365234852 0.0401749648154  
-0.684026122093 1.09506356716 -0.339117884636  
-0.981084704399 0.790658473969 -0.400274544954  
-0.825393915176 -0.0258648116142 -0.788053870201  
-0.267572581768 -0.451168954372 0.121411517262  
0.740495979786 -0.513527572155 0.339036732912  
0.317452579737 -0.906173944473 -0.17244631052  
0.0482090786099 -0.846909701824 0.00575048290193  
0.169562056661 -1.24059450626 0.506010055542  
0.202675282955 -0.765726029873 -0.0804835557938  
-0.381127864122 -0.125394552946 -0.287079721689  
-0.352974116802 -0.317727178335 -0.186436593533  
0.0845978707075 -0.632848262787 0.323252081871  
-0.189445108175 -0.120162136853 0.863562524319  
-0.0330132059753 0.507578969002 0.696312904358  
-0.630137383938 0.575604081154 -0.156076401472  
-0.554152846336 0.415945291519 0.22780738771  
0.00654297228903 -0.393411546946 0.830779790878  
-0.64542144537 -0.443484842777 1.0274528265  
-0.938759446144 0.339494943619 1.43967247009  
-0.00302484980784 0.579579949379 1.33240747452  
0.523421823978 0.771075248718 0.975112318993  
0.0550080724061 0.74067735672 1.39823317528  
-0.408400863409 0.924673557281 1.45822703838  
-0.0365667305887 0.894988358021 1.59126853943  
-0.0530267320573 0.583464682102 1.04844224453  
0.0506491884589 0.51646399498 1.80765926838  
-0.553349673748 1.85931622982 1.61617660522  
0.405222892761 1.54034900665 1.18820929527  
0.966818630695 0.943496227264 1.60337567329  
0.692762076855 0.0242846086621 1.87837409973  
0.831670582294 1.13879191875 2.16717457771  
0.237203791738 1.20263421535 2.44086718559  
0.31020963192 1.09771490097 1.43126416206  
0.2137735039 1.31965005398 1.66284477711  
0.725848376751 1.60017430782 1.32360565662  
0.223255157471 1.01981818676 1.25041353703  
-0.150492802262 0.400871902704 1.47131085396  
0.225084736943 -0.00929083675146 1.01476943493  
-0.0329800620675 0.335456311703 1.4178006649  
-1.16911315918 0.498557418585 0.771633803844  
-1.66871297359 0.739109456539 0.100862301886  
-0.719691812992 0.558100521564 0.13173699379  
-0.975570619106 -0.210224181414 0.0533801913261  
-1.14639890194 -0.872684776783 -0.311185926199  
-0.755485236645 -0.970659196377 0.154379755259  
0.517550110817 -1.02951943874 0.519143939018  
0.402725279331 -1.37481403351 -0.00536454562098  
0.37345635891 -1.41248941422 0.248134642839  
0.193230882287 -1.69409143925 0.601015269756  
0.140009239316 -1.13190293312 0.217566743493  
0.227435216308 -0.921811401844 -0.41450509429  
0.349671781063 -0.855887711048 0.101717248559  
0.301670223475 -0.432085841894 0.288073509932  
-0.0107418736443 -0.401904314756 0.16364403069  
-0.687057077885 0.286828279495 0.247020497918  
-0.718097865582 0.737961649895 -0.283226460218  
-0.549234330654 0.189769655466 -0.191670835018  
0.183891460299 -0.0503254719079 0.0858138799667  
-0.449851512909 -0.445634692907 0.43460085988  
-0.626031517982 0.429023087025 0.910768985748  
-0.0784972831607 0.122054599226 1.43734002113  
0.252791494131 0.736829996109 1.30278944969  
-0.445858925581 1.46720528603 1.81218659878  
-1.03811252117 1.60545253754 1.28718388081  
0.0101267844439 0.87408053875 1.62089395523  
0.288144052029 0.853260576725 1.26828444004  
0.236310049891 0.92073571682 2.20415782928  
-0.887531876564 1.04219460487 1.77117323875  
-0.287276625633 1.22701597214 1.17558336258  
0.464731752872 1.10423123837 2.02472734451  
0.765501201153 0.739815890789 1.95918500423  
0.148146525025 0.919226050377 2.05569553375  
0.646091163158 1.46022260189 1.93090820312  
0.138073280454 1.85071837902 1.622610569  
0.557304561138 1.24226057529 1.63387966156  
0.277684658766 0.867187976837 1.77148282528  
0.103851348162 0.636159062386 1.52144873142  
-0.234952881932 0.29922375083 1.39906954765  
-0.180978700519 0.09361577034 1.64899027348  
0.0914668515325 0.19772708416 1.04002380371  
-0.455605924129 0.299592554569 0.485360652208  
-0.818159818649 0.397659093142 0.37010216713  
-0.12805916369 0.456557244062 0.405008226633  
-0.553760766983 -0.155406862497 0.232092782855  
-0.382089048624 -0.602734386921 -0.00386139540933  
-0.483203858137 -0.856610655785 0.0853991061449  
0.018458371982 -1.09873259068 0.550848960876  
0.15953104198 -0.951257288456 0.187824383378  
0.135918110609 -1.30445420742 0.481231063604  
0.369386643171 -0.973092138767 0.250726014376  
0.258702754974 -1.15894472599 0.0229448676109  
0.00312215555459 -0.725374162197 0.516757428646  
1.0912014246 -0.844278514385 0.212546661496  
0.759740710258 -0.570935249329 0.45660161972  
0.719030559063 -0.581810355186 -0.658084750175  
-0.201225817204 -0.0689829587936 -0.839270055294  
-0.504536509514 0.31853479147 -0.697118759155  
0.130586594343 0.384168744087 -0.242966860533  
0.129177257419 -0.0483009852469 0.0978491231799  
-0.270474910736 0.247702270746 -0.0701716169715  
-0.754418730736 0.0890191942453 0.0364468581975  
-0.486720591784 0.104114130139 0.307884246111  
-0.113741241395 -0.543788671494 0.471858292818  
0.652759432793 0.387641578913 1.34369790554  
-0.0824974179268 1.03018271923 1.33692109585  
0.225674808025 0.36527594924 1.50680279732  
0.0535794831812 0.658700525761 1.36658763885  
-0.183100730181 0.719205021858 1.71852684021  
-1.04270648956 0.810765028 1.68441689014  
-0.580934464931 0.894164741039 2.27999377251  
0.225743621588 0.37935334444 2.36280465126  
0.863612949848 0.572587251663 1.66225039959  
0.601464569569 0.722770810127 1.56062352657  
0.283224642277 1.09732925892 1.28054189682  
0.130507022142 1.63351070881 1.76140737534  
0.424884200096 1.34828948975 1.41958224773  
0.589855372906 0.881357729435 0.90162551403  
-0.0392793901265 0.706900417805 0.677510857582  
-0.413908004761 0.787395358086 1.18272054195  
-0.0929926931858 0.11508192867 1.02292656898  
-0.692453801632 0.188201636076 0.874970138073  
-0.652550935745 0.525510728359 0.137455701828  
0.303664237261 0.526745557785 0.330001592636  
0.0839331224561 -0.00780667597428 0.308100223541  
0.0365676619112 -0.536751627922 0.194035246968  
-0.00651376927271 -0.657801806927 0.157741114497  
0.157841712236 -0.855874836445 0.260511487722  
0.724367797375 -0.858277499676 0.189451366663  
0.865381538868 -0.546983361244 -0.0383352451026  
0.040416918695 -0.910506904125 0.0469935201108  
0.76952201128 -0.369275718927 0.574930489063  
0.551469564438 -0.466269344091 0.110325179994  
0.856870234013 -0.464323699474 0.441597491503  
1.02625727654 -0.657358705997 0.581468880177  
1.47441267967 -0.924180328846 -0.0907583162189  
0.689553618431 -0.939597129822 -0.772053718567  
0.0208345130086 -0.306772768497 -0.98934596777  
-0.152103111148 0.391062676907 -0.332649827003  
0.20140838623 0.335837960243 -1.15365695953  
0.85489076376 -0.145836114883 -0.24245211482  
-0.269310414791 0.0237028915435 -0.122702024877  
-1.35255408287 -0.0376870855689 -0.281270384789  
-0.925074338913 -0.148899778724 -0.0992571637034  
-0.115547008812 -1.00384664536 0.0617663264275  
-0.0639704465866 0.051886703819 0.696054041386  
-0.590880692005 0.324417024851 1.08252704144  
-0.501280963421 1.10015189648 1.52900111675  
0.203203245997 1.06476676464 1.2871119976  
-0.125194087625 1.0327038765 1.44149780273  
0.209352120757 0.561045467854 1.01638531685  
0.69293653965 0.34622964263 2.06341814995  
0.876843512058 0.0635785087943 1.96993196011  
0.672888338566 0.30718588829 1.67200613022  
0.341732829809 0.67579627037 1.72561132908  
-0.219799235463 0.661062896252 1.56589448452  
-0.37045776844 1.18854546547 1.4027531147  
0.0223313421011 1.17089390755 0.772664070129  
-0.314219594002 1.23331618309 0.90717536211  
0.112605422735 0.549629449844 0.762205064297  
-0.431276321411 -0.226637110114 0.366048842669  
-0.505083441734 -0.034169100225 0.967052996159  
-1.27650141716 0.0661553293467 0.819301187992  
0.0745157599449 0.225358918309 0.751033961773  
0.636271715164 0.1846062392 0.503780841827  
0.453822642565 -0.0120924720541 0.279684275389  
0.373431921005 -0.786530613899 0.00717175612226  
0.231320396066 -1.31617164612 0.455597132444  
0.197581082582 -0.959131121635 0.0499187633395  
0.75373005867 -1.57723045349 -0.182087302208  
0.880431413651 -1.5470842123 0.0165768098086  
0.0888593867421 -1.09647428989 -0.289534270763  
0.710864663124 -0.177998512983 0.192202746868  
0.763953626156 -0.351208120584 -0.0441249832511  
1.09163570404 -0.949143111706 0.212938502431  
1.21231937408 -0.616593003273 -0.196047320962  
1.00335848331 -1.19077336788 -0.406467020512  
0.280491292477 -0.860141694546 -0.380926281214  
0.04061858356 -0.891681492329 -0.836164355278  
0.244335606694 -0.47121065855 0.0164780560881  
0.73444211483 0.0199635867029 -0.361415475607  
1.30959439278 0.269454628229 -0.411855280399  
0.540298402309 0.544490814209 -0.316885918379  
-0.0655526816845 -0.0323880836368 0.0569158531725  
-0.405805200338 -0.154427468777 0.145982384682  
0.471944868565 -0.422231376171 0.0999286845326  
-0.139374256134 0.0169692710042 0.489820480347  
-0.841621160507 -0.636827588081 1.07335948944  
-0.68916207552 0.0627836957574 1.55209720135  
-0.126104235649 1.15474295616 0.845728635788  
-0.619488060474 0.961709201336 1.70893216133  
0.843676745892 0.662998199463 1.31709587574  
0.951531112194 0.955907225609 1.29271626472  
0.690565943718 0.300754189491 1.72373628616  
0.3446867764 -0.353098720312 1.43967854977  
-0.346852600574 -0.417033433914 1.29197478294  
-0.736562013626 0.178053945303 1.43833267689  
-0.320012778044 0.189282119274 0.927387714386  
-0.0564848296344 0.243316665292 -0.0316447988153  
-0.124647706747 -0.195550993085 1.00597918034  
0.00670519750565 -0.175095066428 0.91539055109  
0.416859537363 -0.904141068459 0.740409433842  
-0.809214711189 -1.03713750839 0.875205516815  
-0.00974270887673 -0.665665209293 0.606372773647  
1.01802051067 -0.0428002253175 -0.0858702287078  
0.91866350174 0.26381328702 0.187880918384  
0.905945301056 -0.546761333942 0.265898376703  
0.351191133261 -0.606451869011 -0.0862013250589  
0.121023088694 -1.24711728096 -0.331645786762  
0.520538210869 -1.55486226082 0.16823105514  
0.30588054657 -1.01884078979 -0.382282823324  
0.603430628777 -1.34993982315 -0.219962075353  
-0.0810682624578 -0.749095618725 0.332459330559  
0.632430076599 -0.706552088261 0.46325597167  
0.773596286774 -0.630805671215 0.308914065361  
0.873595416546 -0.809064865112 -0.0488923192024  
0.931328952312 -1.01952147484 -0.121531613171  
0.805217504501 -1.21858978271 -0.170929163694  
0.272985190153 -1.39583730698 -0.278883934021  
-0.126125782728 -1.32645237446 -0.281763136387  
0.203146457672 -0.415180265903 0.258543521166  
0.676650285721 -0.199181362987 -0.123244635761  
1.2225779295 -0.216194018722 -0.404599577188  
0.819636404514 0.163746163249 -0.692148029804  
-0.142659947276 0.17603290081 -0.103057093918  
-0.36721765995 -0.261486679316 0.789967954159  
0.0225492864847 -0.301884740591 0.771872460842  
0.140961259604 -0.507031261921 1.3971824646  
-0.581791698933 -0.229639604688 0.962232887745  
-0.139370426536 -0.39929613471 1.35892748833  
-0.361396789551 0.723046183586 0.819313943386  
-0.119094759226 1.45438349247 0.928895354271  
0.057302236557 0.527025103569 0.962666869164  
-0.103312730789 0.640555262566 1.13748705387  
0.400684803724 -0.194607466459 0.98806989193  
-0.307823300362 -0.453236490488 1.21961092949  
-0.535564363003 -0.528201699257 1.24531137943  
-0.750997126102 -0.800715327263 1.25898849964  
-0.631445467472 -0.59660500288 0.891711771488  
-0.445114731789 -0.190820604563 0.539242267609  
0.148911610246 -0.711986362934 1.74133980274  
0.581717729568 -0.606126785278 1.43899035454  
0.245094373822 -0.990148246288 0.605251312256  
-0.0988340675831 -1.20008909702 0.609688103199  
0.551372885704 -0.675913274288 0.222642868757  
0.350272268057 -1.07492995262 0.0947011634707  
0.643379449844 -0.865506947041 -0.194867581129  
0.557890594006 -1.17900753021 -0.302084207535  
0.370310664177 -0.4302957654 -0.0675484761596  
0.52014875412 -0.773403942585 -0.227717146277  
1.0294829607 -1.52866280079 0.110231131315  
0.800195932388 -0.938374519348 0.177339568734  
0.403977543116 -0.827030897141 0.190022394061  
0.64940392971 -0.480501234531 0.149362444878  
0.894315242767 -1.09607410431 0.588283479214  
1.19633376598 -0.982406079769 0.584424495697  
0.778992891312 -0.796180486679 0.0692549794912  
0.914679229259 -1.72657847404 -0.17700111866  
0.837707400322 -1.56789720058 0.150650858879  
0.154096320271 -1.62046444416 -0.260212123394  
0.243499040604 -1.39009082317 0.501420259476  
1.09451961517 -1.02395629883 0.436891674995  
1.26249659061 -0.525113046169 -0.554169237614  
1.14799046516 -0.318677127361 -0.845377027988  
0.384827464819 -0.148832514882 -0.170096635818  
0.344383984804 -0.0706681907177 0.462208032608  
0.144043192267 0.144872143865 -0.263319760561  
0.810141503811 0.117000102997 0.0764667317271  
-0.137242794037 -1.13793861866 1.09778261185  
0.0431999340653 -0.727164745331 0.860422194004  
0.148256346583 -0.103192925453 1.07412195206  
-0.647135436535 0.0466503538191 0.196832567453  
-0.907702982426 0.620676696301 1.00648438931  
0.452623724937 0.286098927259 0.981449007988  
-0.0368634164333 0.020077900961 1.05172324181  
-0.278222948313 -0.506989300251 1.11224603653  
-0.214013144374 -0.31848475337 0.881706357002  
-0.67725366354 -0.204067111015 0.41494128108  
-0.372591018677 -0.109298318624 0.133601784706  
-0.852499842644 -0.258357793093 -0.565713822842  
-0.619992256165 -1.00070166588 -0.331048756838  
-0.073679715395 -0.58147329092 0.86337697506  
0.196939498186 -0.209198862314 0.781116962433  
0.0247895009816 -0.911938905716 0.039163928479  
0.243341058493 -0.83601886034 -0.015410319902  
0.348689496517 -1.49370014668 -0.513179242611  
0.699001252651 -1.84194672108 -0.317727178335  
0.658754706383 -1.96755635738 -0.25873374939  
0.556625008583 -2.44628190994 -0.302446246147  
0.0882920399308 -1.66706347466 -0.305100619793  
0.272899568081 -1.03562927246 0.220564678311  
0.200132101774 -1.20869159698 0.205489456654  
0.520932018757 -1.37543547153 0.201167330146  
1.13426613808 -1.53670752048 0.433494031429  
0.748613297939 -1.08842945099 0.378751903772  
1.03938925266 -1.29704809189 0.845477998257  
0.850281298161 -1.42843186855 1.07790696621  
0.18109819293 -1.87267827988 0.232605412602  
0.496279895306 -1.59591722488 -0.00466680526733  
0.595973193645 -1.48499596119 0.636753320694  
0.201495170593 -1.39436256886 0.848783969879  
0.588220000267 -0.991691112518 0.803018927574  
1.3181681633 -1.16358017921 -0.0775127708912  
0.83623957634 -0.912513971329 -0.508909761906  
0.416947394609 -0.419188529253 -0.214760392904  
0.183543860912 -0.204776644707 -0.00925114843994  
0.162821814418 -0.289566963911 1.09485697746  
0.151656746864 0.212754413486 0.414371162653  
0.150430053473 -0.124584451318 0.525083899498  
0.356817930937 -0.22874084115 0.776603221893  
0.651874482632 -0.259905397892 0.607962071896  
0.0229260586202 -0.622224807739 0.949977636337  
-0.232311576605 -0.21526491642 0.158157914877  
-0.548994719982 0.189198508859 0.685640335083  
-0.0575356632471 0.0986648723483 1.2528373003  
0.0682891905308 -0.549154520035 1.49702942371  
0.0887092202902 -0.508026778698 1.29460704327  
-0.658212244511 -0.154425531626 0.92522495985  
-0.410117447376 -0.11284199357 0.719471931458  
0.25282278657 0.745960652828 0.135763019323  
-1.05643737316 0.481671839952 -0.520061016083  
-0.958858191967 -0.56713539362 0.0530992411077  
-0.123283691704 -0.612938761711 -0.0158359389752  
0.180625036359 -0.567169189453 0.19010707736  
0.330819278955 -0.984034895897 -0.354867100716  
0.678007245064 -0.563123583794 -0.454143255949  
0.036928858608 -1.06669831276 -0.678797364235  
0.181117638946 -1.90393865108 -0.214425653219  
0.801520943642 -2.25282597542 -0.453603744507  
0.512327849865 -2.0414545536 -0.300570219755  
0.121786117554 -0.991403162479 -0.590785384178  
0.832620084286 -0.600759088993 -0.0290619619191  
0.853839814663 -1.19860768318 0.198313608766  
1.25430166721 -1.51162803173 -0.0266212262213  
1.41248714924 -2.06382918358 0.203421339393  
1.00219535828 -0.962688326836 0.173306047916  
1.14992427826 -1.88274037838 0.128059089184  
0.845389544964 -1.58424639702 0.407962650061  
0.228852316737 -1.89431190491 -0.0802335441113  
0.110230468214 -1.28215324879 0.191711187363  
0.25869140029 -1.02426981926 0.34503108263  
0.532768964767 -1.14652168751 0.837914466858  
0.424284130335 -0.84625005722 0.866451561451  
1.05681681633 -0.921958267689 0.475776702166  
0.678753197193 -1.01953232288 0.219624251127  
0.00556323723868 -0.689686357975 -0.210819318891  
-0.34692800045 -0.23950701952 0.473788201809  
0.42971149087 0.0344551838934 0.635175585747  
0.0922566130757 0.562604248524 0.707601010799  
0.141227990389 0.35810393095 1.34277367592  
0.475468307734 0.289900302887 1.05378293991  
0.448625653982 -0.0484343543649 0.718127071857  
-0.067755267024 -0.299591690302 0.256480365992  
-0.299081861973 -0.418728619814 0.14444771409  
-0.123311340809 0.0251735504717 0.117081083357  
0.539332687855 -0.0744734555483 1.1303653717  
-0.124523371458 -0.539966225624 1.25103533268  
0.468651920557 -0.767337679863 0.879224002361  
-0.229579493403 -0.290599346161 0.579758763313  
-0.380232036114 -0.247258260846 0.692099988461  
-0.718089640141 0.253940612078 0.952766358852  
-0.871845424175 0.630778551102 -0.282294422388  
-0.282029569149 -0.311352044344 -0.102152809501  
0.279661178589 -0.373268961906 0.0520186312497  
0.679560124874 -0.190023064613 -0.12437184155  
0.767445862293 -1.04117941856 -0.668564856052  
0.61523103714 -0.711401939392 -0.424458622932  
0.51027071476 -1.5521671772 -0.543020009995  
0.501134634018 -2.32313919067 -0.0983158499002  
0.670942008495 -2.12450242043 -0.639662265778  
0.0960160940886 -2.35514163971 -0.657325148582  
0.459267288446 -1.68696558475 -0.677346765995  
1.49902939796 -0.911763727665 -0.180873557925  
1.79868066311 -1.12894880772 -0.0210338942707  
1.65101063251 -1.71027255058 -1.14883804321  
1.7102792263 -1.64812898636 -0.524513542652  
1.17204070091 -1.47414135933 -0.582729458809  
0.849332809448 -1.99976277351 -0.44042634964  
0.632883071899 -2.03449892998 0.343953937292  
0.700363397598 -1.76806282997 -0.192522779107  
0.829316079617 -1.5267380476 0.671596586704  
0.772554814816 -1.29791152477 0.860256254673  
0.478807598352 -0.935932636261 1.03293216228  
0.0852020531893 -0.599754393101 0.585357964039  
0.631935358047 -0.954502642155 0.60419768095  
0.984640836716 -0.980749607086 0.612690627575  
0.95096552372 -0.623609244823 0.666678011417  
0.811180412769 -0.522150695324 0.769032716751  
0.932454884052 -0.0760049596429 1.24352955818  
1.02276194096 -0.0756037831306 1.18289470673  
0.505503177643 0.54745298624 1.21597504616  
0.799149990082 0.674311518669 1.33790719509  
0.832552969456 0.288836747408 0.990408957005  
0.269548773766 -0.130490332842 0.830863773823  
-0.277093529701 -0.297222971916 0.412754148245  
0.128744095564 -0.393877595663 0.38224068284  
0.456181585789 -0.834342360497 0.0835113823414  
-0.331099480391 -0.877608299255 0.615776121616  
-0.116878688335 -1.02839899063 0.63236784935  
-0.397850245237 -0.257940173149 0.587357282639  
-0.366258233786 -0.618501365185 0.614737093449  
-0.448403090239 0.305540591478 0.771941781044  
-0.714516103268 0.0370368845761 0.434237897396  
-1.25494551659 -0.730296969414 -0.160336777568  
0.291534334421 -0.628111422062 -0.208027541637  
0.872911274433 -0.618175029755 -0.51050722599  
1.35454142094 -0.927615880966 -0.629594564438  
1.04659414291 -1.15860176086 -0.557345628738  
0.875654280186 -1.43430221081 -1.08621156216  
0.992399096489 -1.73895347118 -1.02743220329  
1.0840587616 -2.05579829216 -0.301633268595  
1.16992485523 -1.76454222202 -0.89008975029  
1.53258836269 -1.75053775311 -1.2584426403  
1.94503057003 -1.33678746223 -1.29537594318  
2.0308983326 -1.4334628582 -0.985642194748  
2.07793211937 -1.90294528008 -1.12687957287  
1.96881878376 -1.86940193176 -0.74583107233  
1.66316223145 -1.84137165546 -0.363073468208  
0.948176026344 -2.13744997978 0.17096568644  
0.897635698318 -2.73622083664 0.1023677513  
0.801131188869 -2.24371743202 -0.781904041767  
0.922145009041 -1.67953562737 -0.219641029835  
0.432915121317 -1.21885156631 0.880423009396  
-0.27310192585 -0.896823227406 1.09684693813  
-0.185743540525 -0.637023091316 0.25638833642  
0.49467882514 -0.458942711353 1.36863934994  
1.37128615379 -0.615867912769 0.981681108475  
1.11108136177 -0.632528245449 0.94991838932  
1.40296947956 -0.467785865068 1.43294429779  
0.819195210934 -0.186063811183 1.28854823112  
0.734733223915 -0.0176823753864 1.72022175789  
1.02060353756 0.486558228731 1.49682235718  
1.0144200325 0.922873497009 1.44821834564  
0.358479201794 0.461784601212 1.49415075779  
0.562989354134 -0.0170829035342 0.910171687603  
0.080851264298 -0.255110740662 0.727329194546  
-0.158786997199 -0.389849931002 0.671793878078  
0.444693207741 -1.25198292732 -0.518554627895  
0.157482117414 -1.16221451759 0.470718115568  
-0.669719099998 -0.490496695042 0.773969173431  
-0.711732685566 0.0132460789755 -0.189463868737  
0.00613404996693 -0.261693269014 0.081819459796  
-0.53157800436 -0.751498818398 -0.177596852183  
0.175217419863 -0.639064788818 -0.149311572313  
-0.326918810606 -1.09461700916 -0.381316035986  
-0.130646705627 -0.443583130836 0.214471653104  
0.627556800842 -0.853490829468 -0.526308953762  
1.62828373909 -1.06917154789 -0.978761017323  
1.61011528969 -1.04720413685 -1.10377860069  
1.49680352211 -1.3745225668 -1.29590773582  
1.76981031895 -1.93671989441 -1.14837098122  
1.67899942398 -2.5508658886 -0.730002224445  
1.72581267357 -2.04467391968 -0.534956037998  
1.69186604023 -1.62784397602 -1.1563475132  
2.01517939568 -1.32219254971 -1.63706481457  
2.01037240028 -1.07504367828 -1.35442066193  
2.27686071396 -2.20332956314 -1.0173214674  
1.97889745235 -2.59377908707 -0.90407115221  
1.7332110405 -2.00313520432 -0.0460134260356  
1.07368791103 -2.08631420135 -0.00261689606123  
0.629487872124 -2.77234339714 -0.148359656334  
0.333153605461 -1.83417308331 -1.01515734196  
0.620469927788 -0.773590564728 -0.346588879824  
0.391997396946 -0.763458549976 -0.102838426828  
-0.393531769514 -0.79531621933 0.516583263874  
-0.292770236731 -0.452070564032 0.369626969099  
-0.00649957358837 -0.344940304756 0.441437095404  
0.843061208725 -0.646507441998 1.03298616409  
1.07190668583 -0.437536358833 1.42944645882  
0.468012958765 0.34669470787 1.40697968006  
0.126449033618 0.181936010718 1.40193867683  
0.43806797266 0.298636615276 0.948046982288  
0.861156761646 0.439016759396 1.58492946625  
1.00715792179 0.332570821047 1.96231663227  
0.585204482079 0.631191432476 1.82446610928  
1.16814446449 0.245362088084 1.11544454098  
0.705531358719 -0.606673955917 0.755065739155  
0.397014200687 -0.417213082314 1.0603209734  
1.02228939533 -1.19782269001 0.360872447491  
0.888348400593 -0.530140459538 0.48799943924  
-0.0201776660979 -0.474258065224 0.121902942657  
-0.484745293856 -0.207049354911 -0.556519448757  
0.0200460683554 -1.01133668423 -0.592379212379  
-0.208764627576 -0.645096242428 -1.0479439497  
0.0414970107377 -1.28364419937 -1.22573757172  
0.428467303514 -2.33613824844 -0.811557471752  
1.41212761402 -1.95749509335 -0.635705947876  
0.889466106892 -1.67755174637 -1.08437395096  
0.655487060547 -1.82736957073 -1.32671308517  
1.43662977219 -1.78377902508 -0.772841989994  
1.79149699211 -1.38733053207 -1.02942752838  
1.73026359081 -2.16969895363 -0.893422961235  
1.76520395279 -2.25964593887 -1.18426895142  
1.64924585819 -1.61210310459 -1.11802387238  
1.38957870007 -1.57695198059 -1.51874577999  
1.33837378025 -1.02654361725 -1.31116700172  
1.05490672588 -1.36336457729 -0.833348929882  
2.2601647377 -1.3690584898 -0.863177001476  
1.7270822525 -2.09874987602 -0.938829481602  
1.3959414959 -1.87980520725 -0.944176316261  
1.33110785484 -1.13338267803 -0.445636928082  
1.0372492075 -1.95647263527 -1.04872667789  
0.668619811535 -0.863024234772 -1.14175355434  
0.601700782776 -0.55702406168 -0.673345327377  
0.734514057636 -0.748751759529 -0.277425825596  
0.208013236523 -0.583936750889 -0.274246960878  
0.0235771462321 -0.84784924984 -0.581068098545  
0.0146044585854 -0.513454318047 0.01716469042  
0.537956178188 -0.220546171069 0.33138781786  
0.415631473064 -0.452470451593 0.575954973698  
0.553036570549 0.659078657627 0.402830302715  
-0.00326742790639 0.276431292295 0.945372104645  
0.00394334690645 -0.460004150867 0.769477128983  
0.362882316113 -0.491119593382 0.986202418804  
1.10899019241 -0.425527274609 1.79341876507  
1.3375825882 -0.375412464142 1.59017789364  
1.69131302834 0.0623192973435 1.34409677982  
1.24744737148 -0.244033887982 1.25476074219  
1.24550271034 -0.515882134438 0.462258428335  
1.27026093006 -1.08592450619 0.501093089581  
0.633152008057 -0.34855684638 0.426611214876  
-0.238320887089 -0.439934045076 -0.775948882103  
-0.559533059597 0.253195732832 -0.571747362614  
0.40846607089 -0.778693020344 -1.50599837303  
0.808209657669 -1.04291629791 -0.855276942253  
0.88714236021 -1.72355473042 -1.17977964878  
0.419483721256 -2.33540916443 -0.589013814926  
0.692907691002 -2.31582045555 -0.566601872444  
1.33882391453 -1.84148359299 -0.609771490097  
1.19851577282 -2.06570076942 -0.376008301973  
1.29065024853 -2.37079286575 -0.890615284443  
1.7955121994 -1.97907316685 -1.03897702694  
2.28107786179 -2.283182621 -1.09886300564  
1.78037762642 -2.11061930656 -1.53311860561  
1.45690822601 -1.84386217594 -1.70784163475  
1.84963405132 -1.57576966286 -1.57935297489  
1.92166471481 -1.68108296394 -1.22752320766  
1.21898925304 -2.08850550652 -0.833878874779  
1.15369462967 -2.16850829124 -0.146789461374  
0.769863307476 -1.80019557476 -0.479069977999  
1.10807073116 -0.925678372383 -0.186445087194  
1.22468936443 0.0102827036753 -0.688066840172  
1.21882736683 -1.20658671856 -0.932604014874  
0.880932450294 -0.592162549496 -0.722886800766  
0.342912793159 -0.530850946903 -0.592131972313  
0.0200409349054 -0.732389807701 -0.358526796103  
0.29732966423 -0.481605470181 -0.444817185402  
0.325515389442 -0.862934410572 -0.621443688869  
-0.504504621029 -0.506879448891 -0.48562720418  
0.354361474514 0.0457493774593 0.721810758114  
0.962809145451 0.17847597599 1.06774222851  
0.503189325333 0.96579772234 0.91941100359  
-0.0379870645702 0.797648906708 0.914349973202  
0.405840009451 0.341721564531 1.46679317951  
0.589405834675 0.142564386129 1.65381026268  
1.39875125885 -0.118191480637 2.25191855431  
1.58892941475 -0.463975101709 2.47959589958  
1.85030090809 0.225138157606 2.26908230782  
1.70357596874 -0.234064757824 1.81793797016  
1.58192098141 -0.592852950096 1.19314825535  
0.27371442318 -1.69302940369 -0.0326708443463  
-0.572032928467 -1.04229176044 0.304930746555  
-0.741961240768 -0.553188443184 -0.505601704121  
-0.030448962003 -0.139197945595 -0.835045874119  
0.845463454723 -1.32192659378 -0.508268117905  
0.492698520422 -1.54737973213 -0.0173318665475  
0.550213336945 -1.69962131977 -0.565513134003  
0.458595752716 -2.2024128437 -0.520970106125  
0.445716559887 -1.51506638527 -0.785610020161  
0.760618448257 -2.01929712296 -1.02273964882  
1.17389237881 -1.78029453754 -0.678517580032  
1.2626670599 -2.59946155548 -1.03908014297  
1.26920330524 -2.28231883049 -0.979755163193  
2.07410931587 -2.39060139656 -0.796051621437  
2.3313472271 -2.2692296505 -1.44737935066  
2.06141996384 -2.34277772903 -1.56645905972  
2.01565408707 -2.27240943909 -2.01278614998  
1.63623082638 -2.69169282913 -1.84890043736  
0.81131875515 -2.51967668533 -1.18362665176  
0.871487140656 -3.05516886711 -0.437754184008  
1.44341731071 -2.37312507629 -0.656527638435  
1.74785017967 -1.37163186073 -0.383627235889  
1.21513009071 -0.471950680017 -0.870456635952  
1.82369482517 -0.40056759119 -0.915832996368  
1.45616221428 -0.656326293945 -1.19134664536  
0.648812532425 -0.755867540836 -0.503914952278  
0.188626050949 -1.10802435875 -0.23821157217  
0.38596740365 -0.914054572582 0.0428241789341  
0.534684240818 -0.756267368793 0.302627116442  
0.200602933764 -0.326164513826 0.515969574451  
0.835030138493 0.493884563446 1.15716969967  
1.03664243221 0.801880538464 1.14697599411  
1.08802902699 0.595945835114 0.900838971138  
0.531144857407 -0.184537142515 1.01415252686  
0.865131735802 0.4451559484 0.950351476669  
1.18388307095 0.30800974369 1.55095660686  
1.47295117378 0.0909920707345 2.26631426811  
1.87172806263 0.128632843494 2.23796820641  
1.56791138649 0.624749720097 2.15720033646  
1.66613554955 0.246233910322 2.23358535767  
0.980789721012 0.112460948527 2.48129653931  
-0.221258476377 -1.43968403339 -0.166591972113  
-1.0870398283 -0.929818928242 0.112329505384  
-1.1228569746 -1.10148465633 -0.288183063269  
-0.0839531645179 -1.11047577858 -0.85365319252  
1.07622516155 -1.46951746941 -0.446505755186  
1.08049154282 -1.52003669739 -0.165334805846  
0.692607164383 -2.02886247635 0.00948107428849  
0.619702935219 -1.5852022171 -0.345192670822  
0.2454020679 -1.11968958378 -0.679886579514  
-0.0932024493814 -1.38242602348 -1.16689944267  
0.0792165845633 -1.99279332161 -1.0567933321  
0.306017279625 -2.80816650391 -0.982856988907  
1.23291492462 -2.47424054146 -0.353586375713  
2.14488577843 -2.64942169189 -0.358263194561  
2.72862958908 -2.18627691269 -1.30533444881  
2.23207902908 -1.57851433754 -1.3138718605  
2.17662167549 -2.16527247429 -1.7298617363  
1.72366142273 -2.81434512138 -1.82297432423  
1.51409947872 -2.82003521919 -1.12847328186  
0.712701320648 -2.79399394989 -0.830079436302  
1.42649328709 -1.97242546082 -0.306620746851  
2.37936902046 -0.44975733757 -0.502081573009  
1.8472622633 -0.346278339624 -0.694575726986  
2.45237469673 -0.334431320429 -1.56010270119  
1.52808463573 -0.63719278574 -1.20200324059  
0.234239339828 -1.10116314888 -0.566464543343  
0.326645821333 -0.679234623909 -0.125144004822  
0.346746951342 -0.89091449976 0.208276689053  
0.630062580109 -0.567506372929 0.436688035727  
0.742444634438 0.00826164055616 1.12836313248  
0.766335070133 1.11930406094 0.872994065285  
0.985117971897 0.722077906132 0.919127583504  
0.802023231983 0.533066034317 0.856127142906  
0.668272972107 -0.0335687436163 0.822256028652  
0.868240118027 0.3403442204 1.38213610649  
1.2344751358 0.0234889816493 2.09303545952  
1.85925745964 -0.0842515453696 2.55575489998  
1.6870803833 -0.453470021486 2.04868245125  
1.76327061653 0.822819232941 2.32342290878  
0.685387670994 0.583370089531 2.24637293816  
0.360459774733 0.120821125805 1.35561704636  
-0.378574848175 -1.27650618553 -0.27507942915  
-0.281053900719 -1.04050683975 -0.280422449112  
-0.553733110428 -1.10498261452 0.15888042748  
0.66369843483 -0.898736536503 -0.274091035128  
0.888691186905 -1.68882834911 -0.0848649218678  
0.470776349306 -1.44970309734 0.24176646769  
-0.115070544183 -1.33107674122 -0.351919919252  
0.151366353035 -1.00042617321 -0.259242683649  
-0.305429309607 -0.672017872334 0.526893377304  
-0.359137862921 -1.01122236252 -0.774269402027  
-0.30366769433 -2.29773950577 -1.52252745628  
0.133910387754 -2.66477370262 -0.771678805351  
0.843569219112 -2.29902648926 -0.949097514153  
1.28886663914 -2.86022090912 -0.632704615593  
1.93293142319 -1.86067509651 -1.71517157555  
1.62909448147 -1.83741688728 -2.03653430939  
2.14651083946 -2.47353053093 -1.93387758732  
1.6638468504 -2.44766330719 -1.8668333292  
1.30965399742 -2.62511062622 -1.13328313828  
1.09703087807 -2.37079191208 -1.01469016075  
1.37882173061 -1.28259944916 -0.620430469513  
1.71821510792 -0.811803758144 -0.0112453410402  
1.56272101402 -0.11837425828 -0.671326875687  
1.60934686661 -0.842776715755 -0.791737020016  
1.55248165131 -1.35220789909 -0.326946794987  
1.33952832222 -0.458947181702 0.321614950895  
1.10062098503 -0.35371619463 0.676577746868  
0.659210801125 -0.421864062548 0.89500617981  
0.68899834156 -0.313557237387 0.715676128864  
0.780627310276 -0.0309971068054 0.943406581879  
0.851101517677 0.620129227638 1.16297733784  
0.51156181097 0.442755132914 0.716612815857  
0.328496456146 0.497425079346 0.524638533592  
0.443968474865 0.501848697662 0.522869110107  
0.145365700126 0.568462073803 1.0920791626  
0.764003455639 0.466275602579 1.80624437332  
1.29674947262 -0.551069676876 2.08825349808  
1.55252504349 -0.868735611439 2.00956726074  
1.38651740551 0.927904129028 2.03380703926  
1.18368721008 1.16826057434 1.27445542812  
0.77270668745 0.685615599155 0.321694850922  
-0.590503573418 -0.794907093048 -0.0705635175109  
-0.00966289173812 -1.07633125782 0.0299480967224  
-0.0722772330046 -0.967333912849 -0.588055253029  
0.917499005795 -0.208599105477 -0.497547417879  
1.26960527897 -1.3327678442 -0.3580108881  
0.517217934132 -1.03935372829 -0.254816383123  
-0.253384411335 -1.34220099449 -0.467061519623  
-0.372395694256 -1.15928697586 -0.596144080162  
-0.429393768311 -0.978523075581 -0.35987213254  
-0.35566291213 -1.48545241356 -0.204180419445  
0.00982040259987 -1.9109762907 -1.06519901752  
0.330678313971 -1.97913014889 -1.13542819023  
1.10832107067 -1.62989664078 -0.767479538918  
1.01685118675 -2.06227397919 -0.73315936327  
0.887148916721 -1.57584786415 -1.36525905132  
1.39199948311 -1.59512913227 -1.47375285625  
2.04135990143 -2.48548960686 -1.40653991699  
1.70616567135 -2.57280683517 -1.38994801044  
1.73292839527 -2.40027117729 -1.20548248291  
1.57114672661 -1.80377042294 -1.02927327156  
0.857749521732 -2.22956347466 -0.482773154974  
1.44778811932 -1.18384718895 -0.494361937046  
1.19147479534 -0.59846329689 -0.31997770071  
1.41380393505 -0.62902200222 0.144503906369  
1.73429572582 -0.3926846385 0.324327498674  
0.644194960594 -0.0207714457065 0.905866265297  
0.498875081539 -0.351387917995 0.375657707453  
0.397557944059 -0.205243080854 0.560340225697  
0.0619892068207 -0.198614150286 0.539665281773  
1.13487946987 0.126441836357 0.91936391592  
1.34700214863 0.431276798248 0.52973228693  
0.934916436672 0.373018056154 1.12242674828  
0.594489336014 0.45151630044 1.11295235157  
0.279183894396 0.682179629803 1.1590461731  
-0.224523261189 0.423848003149 0.912564814091  
0.28723475337 -0.22171613574 1.28321814537  
1.52370285988 -1.30479896069 1.49879336357  
2.2772769928 -0.324977278709 1.82466828823  
2.15793728828 0.903617441654 2.04273414612  
1.73927724361 1.34427165985 1.9126098156  
1.31657350063 1.1937789917 1.641040802  
-0.0589239895344 -0.651224970818 -0.22504901886  
-0.46526274085 -1.00728499889 -0.519811093807  
0.253197997808 -0.69424444437 -0.539762556553  
0.532772421837 -0.576814949512 -0.66837477684  
0.555027484894 -1.16089916229 -0.0242128577083  
-0.0914222225547 -1.1331486702 0.111716285348  
-0.990630626678 -0.56327277422 -1.02585327625  
-0.496089309454 -0.591664910316 -0.887077569962  
-0.152413696051 -0.584254324436 -1.1779345274  
0.149450361729 -1.1112716198 -1.28177773952  
0.0877244323492 -1.8094599247 -0.838012099266  
0.59279435873 -2.2859108448 -1.05516862869  
1.17488157749 -1.69372951984 -1.08173680305  
0.40054449439 -2.36839437485 -1.30557632446  
0.197880968451 -2.05942845345 -0.910046458244  
1.00510025024 -1.22630488873 -1.02552545071  
1.64511394501 -1.37072873116 -1.23690760136  
1.6491612196 -1.98991560936 -1.25347626209  
1.2675858736 -1.93085455894 -1.57921397686  
0.948842644691 -1.37006652355 -1.72469997406  
0.903035223484 -1.76823437214 -1.32977318764  
0.488880515099 -1.57124114037 -0.434968441725  
1.08050882816 -1.14660847187 -0.234163582325  
1.62357223034 -0.448866605759 -0.345168352127  
1.78751158714 -0.185243040323 0.239770382643  
0.554636120796 0.390337437391 0.78663790226  
0.0683392807841 0.207936614752 0.5336561203  
-0.477119147778 -0.266256928444 0.17036396265  
0.605147361755 -0.181996166706 0.195628345013  
1.34740281105 0.150879770517 0.749678730965  
1.45417606831 0.771892428398 0.807727515697  
0.628564059734 -0.0033313985914 0.542217135429  
0.385276317596 -0.437149554491 1.07040739059  
0.298015296459 0.591749370098 1.1933785677  
0.122721485794 0.587107658386 0.830768287182  
0.752057254314 0.412023991346 1.08495390415  
1.70717251301 -0.0379323363304 1.21575069427  
2.03296947479 0.120993196964 1.20662283897  
2.01416110992 1.01162445545 1.46794164181  
1.67778992653 0.586077392101 1.46642124653  
0.813998520374 0.494359046221 1.65416753292  
-0.231066629291 -0.325215339661 -0.254629552364  
-0.415505498648 -0.537020504475 -0.146596729755  
0.0443849153817 -0.247594162822 -0.204167589545  
0.253040760756 -0.567852258682 -0.373881906271  
-0.042917124927 -1.01238226891 -0.658080518246  
-0.783051669598 -0.724296689034 -0.570243537426  
-1.19618737698 -0.377743422985 -0.675319910049  
-0.979955017567 -0.526671826839 -0.933319330215  
-0.162617564201 -0.192268505692 -1.17780172825  
0.119040928781 -0.252365589142 -1.23135852814  
0.303268522024 -1.47307097912 -0.493326276541  
0.353470981121 -1.99313139915 -0.739422917366  
0.847121298313 -1.33204889297 -0.94339877367  
0.772927761078 -2.18511343002 -1.13799476624  
0.565621137619 -2.17404055595 -0.577228367329  
1.2531015873 -1.55328714848 -0.83339202404  
1.86306166649 -1.66070103645 -1.02081739902  
1.48122501373 -2.07929444313 -1.14043605328  
0.733472466469 -1.96721708775 -0.803981184959  
0.557357847691 -1.48277378082 -0.683076620102  
0.62378937006 -1.47923493385 -2.19355273247  
1.10652577877 -1.52768540382 -1.07310128212  
1.08173501492 -0.873438358307 -0.467349946499  
1.049741745 -0.851339995861 -0.477310299873  
1.49906814098 -0.0470665507019 0.122610397637  
0.246489167213 0.309172660112 0.540302813053  
0.35558077693 -0.00677121896297 0.380849450827  
0.113891609013 -0.0371129848063 0.38204023242  
1.79631280899 0.565428495407 1.02397727966  
1.76428663731 0.329166352749 1.0171200037  
1.5118855238 0.0760688260198 1.2453212738  
0.319404065609 -0.491733372211 0.817247569561  
0.881486356258 -0.449072659016 1.35369384289  
0.512250483036 0.275279015303 1.29280126095  
0.0328020714223 0.351613998413 1.09989333153  
0.817359924316 0.270232737064 1.04003608227  
1.32307112217 0.280772984028 0.956879198551  
1.71927630901 0.288951039314 0.952108979225  
1.64851605892 0.123669885099 1.28134143353  
1.20475780964 -0.153733491898 1.10627365112  
0.703468441963 -0.31999823451 0.534464120865  
-0.513693809509 0.533483564854 -0.456866413355  
-1.09637725353 0.384003907442 -0.0824707299471  
-0.727533638477 0.00412133336067 -0.477489233017  
-0.295375794172 -0.088241532445 -0.430889248848  
-1.13735580444 -0.0835923701525 -0.844610095024  
-1.39719343185 -0.580376029015 -1.13316619396  
-1.86146521568 -1.00622832775 -1.13055765629  
-0.806916058064 -0.409773260355 -1.02599513531  
0.461233794689 -0.0644071921706 -0.566628098488  
0.197363495827 -0.305743217468 -0.527494072914  
0.0738336145878 -1.34786725044 -0.719492197037  
0.179820477962 -1.58311796188 -0.195330485702  
1.01257634163 -1.58152353764 -0.888085186481  
0.820406973362 -1.61830067635 -1.12380445004  
1.01543796062 -2.22987961769 -0.183103457093  
1.43048489094 -1.93920278549 -0.0660773962736  
1.99235010147 -1.56409692764 -0.653466820717  
0.839319169521 -1.71867775917 -0.665798127651  
0.947208940983 -1.9992351532 -0.426444292068  
0.228056922555 -1.67058742046 -0.867147147655  
0.631484925747 -1.09970498085 -1.42385554314  
0.941765248775 -0.977591633797 -1.80846381187  
0.313432395458 -0.750661313534 -1.07102048397  
0.841522395611 -0.622105419636 -0.1562718153  
1.12816691399 0.329263329506 0.467758625746  
0.128226190805 0.789994418621 0.582225382328  
0.118586078286 -0.256989210844 0.755767166615  
0.426394015551 0.606278002262 1.1666892767  
1.71775627136 0.565065145493 1.34609973431  
1.79540836811 0.242080658674 1.39532375336  
0.924702048302 0.0180192999542 0.904939115047  
0.4612390697 -0.103398740292 0.71407276392  
0.882986783981 0.0361564867198 1.24999463558  
0.864771842957 -0.0915641188622 1.48525607586  
0.807266116142 0.0949017181993 1.42659115791  
0.679073870182 0.43521514535 0.396908521652  
1.32752203941 0.205071613193 0.433711886406  
1.17438733578 0.230709925294 0.225490123034  
1.44474875927 0.109078645706 0.419563323259  
0.611813902855 -0.0481390543282 0.756176590919  
0.408971637487 0.111966744065 0.362543910742  
-0.876558125019 0.432124018669 0.160020679235  
-1.38363075256 0.241926655173 -0.715131342411  
-1.72262740135 0.454351097345 -0.93263733387  
-0.974792838097 0.0261796042323 -1.09129500389  
-1.19616985321 0.014369067736 -1.39259636402  
-1.25386703014 0.471972078085 -0.841576576233  
-1.12846851349 -0.100943744183 -0.747354388237  
-0.655317902565 0.568404555321 -0.743443250656  
0.448262006044 0.642021894455 -0.208294138312  
0.029595034197 0.133757650852 -0.682000398636  
-0.209706813097 -0.86902654171 -0.3714838624  
0.314336687326 -1.38583517075 -0.614191353321  
0.69561201334 -1.10438609123 -0.868492364883  
0.628982305527 -1.61978471279 -0.764945924282  
0.906430363655 -1.9188272953 -0.198469728231  
1.3433163166 -1.5436412096 -0.0606606900692  
1.76336419582 -1.35320413113 -0.733705937862  
1.06842899323 -2.03643584251 -0.616594135761  
0.889586865902 -1.48225295544 -0.621060669422  
0.388010412455 -0.924953043461 -0.167541176081  
0.740403473377 -1.11209356785 0.201161414385  
1.00232172012 -0.991374790668 -0.629561245441  
0.354954600334 -1.13177359104 -1.28772902489  
0.906733691692 -0.256164520979 0.150718003511  
0.684667527676 0.05636517331 1.28426277637  
0.0833126455545 0.473643690348 0.963001608849  
0.0513009093702 0.117987729609 0.645079851151  
0.251971960068 0.33525121212 0.576430141926  
0.912151455879 0.421941608191 1.14639484882  
1.68402338028 0.0624403357506 1.0556743145  
1.24055314064 -0.273717463017 1.28069889545  
1.30435013771 -0.099307872355 1.1916052103  
1.36697602272 -0.363450556993 1.63514852524  
1.60540175438 0.0420195795596 1.15174973011  
1.07419800758 0.0147544061765 0.987727463245  
0.520204424858 -0.238341152668 0.79863256216  
0.882466673851 0.0129420040175 1.02623355389  
0.882438778877 0.990593552589 -0.139078393579  
1.20217430592 0.82391834259 -0.468982696533  
1.24407815933 -0.0285277403891 0.110410258174  
0.900904893875 -0.258846819401 0.0303437002003  
-1.22786593437 0.651898443699 -0.345663666725  
-1.4303650856 0.566166698933 -0.809713482857  
-1.62129366398 0.108405038714 -1.01222372055  
-0.739684462547 -0.163897097111 -1.17484045029  
-1.26344025135 0.0313230268657 -1.25219082832  
-1.13367879391 0.122646138072 -1.00522232056  
-0.941958844662 0.645251452923 -0.62847840786  
-1.13887584209 0.0540088638663 -0.58771198988  
-0.703714907169 0.675392687321 -0.792742550373  
-0.102175101638 0.507534086704 -0.668545544147  
-0.225389629602 0.089989349246 -0.484279423952  
0.629921972752 -0.86177188158 -0.191229611635  
1.3311971426 -0.877668082714 -0.235927030444  
0.769315421581 -0.593436062336 -0.184830904007  
1.15569269657 -1.39777231216 -0.0388753376901  
0.735631763935 -1.15059506893 -0.373379021883  
1.22650885582 -1.32986187935 -1.18235480785  
1.03879022598 -1.91636669636 -0.949015438557  
0.96485555172 -1.64939558506 -0.796897292137  
0.819875299931 -1.59047782421 0.202305540442  
0.905863046646 -0.952368497849 0.994735300541  
0.434981286526 -0.625169038773 0.33586782217  
0.417289972305 -0.828287780285 0.00465047964826  
0.333097100258 -0.362410217524 1.09286189079  
0.174303680658 -0.015302550979 1.21788477898  
0.314491182566 0.823382794857 1.012357831  
0.0723708197474 0.407341659069 1.24625396729  
-0.0234971009195 0.292542010546 0.930468022823  
0.665239453316 0.153005331755 0.0437887050211  
1.18900585175 -0.0562634468079 1.10420203209  
1.54989409447 0.419015318155 2.02100205421  
1.21400749683 0.389708191156 1.53910660744  
1.37335073948 -0.0555103346705 1.61820483208  
1.4084148407 -0.440495938063 2.0078098774  
0.908286631107 -0.0280468221754 1.18968701363  
0.352922260761 0.210613757372 0.657086312771  
0.983255326748 -0.117929063737 1.49700379372  
1.30603027344 0.600062310696 0.881134152412  
1.29102480412 0.542670845985 0.170523881912  
0.994367659092 -0.0998932719231 -0.0122928656638  
0.906244218349 -0.376964718103 -0.028444821015  
-1.49801206589 -0.0821776762605 -0.298950523138  
-1.27231955528 0.247913837433 -0.807789504528  
-1.35921216011 0.191014140844 -1.375243783  
-1.27017378807 0.104465000331 -1.41760003567  
-1.8553403616 0.358928352594 -0.845908582211  
-2.04615283012 0.259161055088 -0.721725344658  
-1.20016312599 -0.0076441494748 -0.837789595127  
-0.789198815823 0.517169833183 -1.19615459442  
-0.811273396015 0.627726137638 -1.32062637806  
-0.678109407425 0.525400221348 -0.745986163616  
-0.202748119831 -0.0970990806818 -0.577032208443  
0.472303032875 -0.570509374142 -0.0428162626922  
0.98549503088 -0.618408679962 0.428293347359  
0.816494226456 -0.534399986267 0.196760758758  
1.29722261429 -1.17790019512 -0.0287651587278  
0.764757454395 -0.925212681293 -0.970857024193  
0.947456657887 -0.684208393097 -1.25832474232  
1.19972848892 -1.42870807648 -0.538163840771  
0.73821824789 -1.43218648434 -0.14906707406  
0.634392082691 -1.59692692757 -0.532041966915  
0.754653871059 -1.25023078918 -0.0611228235066  
0.71253401041 -1.0000565052 0.0946695506573  
0.664961993694 -0.30787089467 -0.0513985008001  
0.803491473198 -0.672419309616 0.870780169964  
0.494134902954 -0.440548807383 0.931194067001  
-0.43059027195 0.13939845562 0.726003170013  
-0.551341056824 0.322257846594 1.6485209465  
-0.134934276342 0.688123166561 0.976894974709  
0.403185606003 0.00487370276824 0.835381448269  
1.13410520554 -0.109150893986 1.81562125683  
0.23435229063 0.756510972977 1.64614129066  
0.530963003635 0.712861895561 1.150842309  
2.03732466698 0.182551294565 1.98127806187  
1.73640739918 -0.143106862903 1.72138226032  
1.28192853928 0.482868671417 0.878687620163  
0.724242925644 0.696327209473 0.73671233654  
0.615439653397 -0.0481221824884 1.23818230629  
0.753822743893 0.435187041759 1.02974069118  
0.530932784081 0.487810820341 0.420821636915  
0.642067790031 0.0944534987211 0.387764036655  
1.07043540478 -0.225002259016 0.622904241085  
-2.3802549839 -0.751138567924 -0.834159553051  
-1.92577588558 -0.374504804611 -1.1952085495  
-1.88301467896 0.251316577196 -1.39407777786  
-0.694354355335 0.556044876575 -1.26029217243  
-0.992330312729 1.07139635086 -0.325190722942  
-0.957131385803 0.942238152027 0.139349028468  
-0.414878606796 0.81158554554 -0.571770071983  
0.377430707216 1.41856920719 -1.07124471664  
-0.318897008896 0.470737099648 -1.20760726929  
-0.970227122307 0.48515099287 -0.63020080328  
0.086016997695 -0.0217479299754 0.00676049664617  
0.887385725975 -0.0931120887399 -0.14560893178  
0.681297838688 -0.61064606905 -0.176066249609  
0.756847679615 -0.693082928658 0.204929590225  
1.07615721226 -0.856064975262 -0.172693893313  
1.19108474255 -0.222111195326 -1.24845480919  
1.08544445038 -0.735319972038 -1.03365600109  
0.656937718391 -0.179111540318 -0.765802562237  
0.824002563953 -0.59856069088 -0.464238852262  
0.830500483513 -1.00345230103 -1.04834914207  
0.955190718174 -1.26629841328 -0.30144533515  
0.833746254444 -0.605877220631 0.172030597925  
0.819649994373 -0.269891560078 -0.290960013866  
0.585993230343 -0.265717536211 -0.20487819612  
0.503072321415 -0.205533996224 0.940011739731  
0.398842424154 0.0625670328736 2.05970644951  
0.129026934505 -0.201986134052 1.61964547634  
-0.0318515412509 0.427393645048 1.39264690876  
0.625251293182 0.271718859673 1.25778460503  
0.509227752686 0.039516095072 1.45316720009  
0.18477845192 0.83286100626 1.32348537445  
0.388459295034 0.875619888306 1.19740486145  
0.713121712208 0.902948558331 1.40298366547  
1.19549930096 0.549824476242 1.5924115181  
0.792510569096 0.172198370099 1.68510556221  
1.02259266376 0.741723895073 0.754057705402  
0.602754712105 -0.0372618325055 0.371362388134  
0.420133560896 0.10609062016 -0.124040193856  
1.06915819645 0.294907361269 0.345970004797  
0.763274848461 -0.323243796825 0.155598148704  
0.570314645767 -0.29969727993 0.382402777672  
-1.68417072296 0.0698589235544 -0.551706433296  
-1.63525283337 0.0627514272928 -0.637981116772  
-1.78787684441 0.573565483093 -1.05981612206  
-0.710451602936 1.07632637024 -1.36054396629  
-0.442412823439 1.18604540825 -1.08559143543  
-0.696006476879 1.56225132942 -0.370240807533  
-0.66814416647 1.52720808983 -0.314803272486  
0.290906667709 1.80324053764 -0.853476047516  
0.00112699775491 1.31806993484 -1.06487262249  
0.126029923558 0.560426652431 -0.0935595184565  
0.505551278591 0.0895776674151 0.55653578043  
0.937527120113 -0.180618181825 -0.0158828180283  
1.15251135826 -0.260105103254 -0.0587551817298  
0.842932164669 -0.387290775776 0.216293856502  
0.873805582523 -0.0699451863766 -0.488660365343  
0.878582715988 -0.540096759796 -0.700685977936  
0.856012821198 -0.925073623657 -0.0399671196938  
0.60603260994 0.0668204799294 -0.199112609029  
0.396076589823 0.297267913818 -0.924730837345  
0.756222248077 0.367734134197 -0.371846139431  
0.488693475723 -0.419530808926 -0.233941107988  
0.123970657587 0.0831791982055 -0.197460830212  
0.0729017779231 0.530442237854 -0.748515725136  
0.217304691672 0.259983092546 -0.45867472887  
0.311597704887 -0.139401942492 0.534465670586  
0.107909113169 0.0628430843353 1.49544596672  
0.0495882630348 0.387523084879 1.62477481365  
0.19499027729 0.527158260345 1.28456306458  
0.0338213294744 0.589899420738 1.40689527988  
0.538049340248 0.631004035473 1.08044981956  
0.0728336796165 0.535056948662 1.25592374802  
0.325249701738 0.453614294529 0.942811012268  
0.896976411343 1.00595533848 1.21751141548  
1.01536476612 0.93409460783 1.72886633873  
0.858251273632 0.254262596369 1.23594474792  
0.211079731584 0.485069841146 0.396714448929  
0.271694540977 0.430254966021 -0.0534497648478  
0.414107561111 0.767742216587 -0.29332947731  
1.21524822712 0.103860415518 0.0202560946345  
0.718908011913 -0.374109506607 0.342219144106  
1.0288592577 -0.55937898159 0.372328042984  
-1.13418245316 -0.039353389293 -0.725194752216  
-1.7480558157 0.333155333996 -1.29142332077  
-1.54270911217 0.508764266968 -1.18938577175  
-0.868711173534 1.14586412907 -1.36097562313  
-0.27392193675 1.06877815723 -0.975957393646  
-0.509398579597 1.63342726231 -0.853172898293  
-0.330289244652 1.54406750202 -0.96300971508  
-0.460754185915 1.42098629475 -1.09567713737  
-0.402774274349 1.14417934418 -0.00284178834409  
0.338478624821 1.19924128056 -0.0294991265982  
0.32941403985 0.670976996422 0.186332136393  
0.812154769897 -0.121944397688 -0.210074916482  
0.362542957067 -0.0431864820421 -0.1570610255  
0.328711599112 -0.544877827168 0.13622367382  
0.553779661655 -0.847429692745 0.294913679361  
0.872882187366 -1.00943565369 0.347941577435  
1.07430779934 -0.20852856338 0.0176012329757  
0.707590043545 -0.120285667479 0.25433203578  
0.844804883003 0.374984502792 -0.399040013552  
0.653277337551 0.142937138677 0.0100252125412  
0.427441298962 -0.413573622704 0.435220867395  
-0.104697071016 -0.0583603493869 0.183880239725  
-0.696763396263 -0.112343534827 -0.301689207554  
-0.284867405891 0.370381057262 -0.602985501289  
-0.0613342113793 0.244447663426 0.796946704388  
-0.265801250935 -0.390142738819 1.32903575897  
0.218576237559 0.289443105459 1.80159127712  
-0.0545785315335 0.340316981077 1.75129508972  
0.321104168892 0.351613074541 1.38068640232  
0.670110464096 0.633247971535 0.279232740402  
0.150185137987 1.16251838207 0.316825389862  
0.239199966192 0.81463932991 0.333107471466  
0.608890652657 1.10560548306 0.949124097824  
0.640266478062 1.35368669033 1.45785999298  
0.358093231916 0.568351626396 1.42805039883  
0.464652627707 0.367179811001 0.0340448021889  
0.753659129143 0.635978162289 -0.307829111814  
0.865495681763 0.354902654886 0.15975959599  
1.01398086548 -0.0802547559142 0.713207244873  
0.964485764503 -1.06175291538 0.446512281895  
1.51847314835 -1.02221000195 0.468924105167  
-1.45002305508 0.54655534029 -0.314595252275  
-1.49430584908 0.471157044172 -1.04895842075  
-1.42846155167 0.825461506844 -1.18975913525  
-1.21903133392 1.21476948261 -1.88111054897  
-0.826272726059 1.21736896038 -1.6633554697  
-0.858714520931 1.56853830814 -1.42053294182  
-0.671192526817 1.60027253628 -1.29193139076  
-1.05185639858 1.94717025757 -0.473937183619  
-0.744735360146 1.45230591297 0.358719080687  
-0.0782223716378 1.30501568317 0.424177616835  
0.110997661948 0.848159313202 -0.24783962965  
0.442267119884 -0.291970849037 -1.28322279453  
0.605633020401 -1.04415214062 -0.21860525012  
0.658618569374 -1.37112939358 0.412714987993  
0.56663441658 -0.64360255003 0.107651606202  
0.719599306583 -0.676811218262 0.519597709179  
0.769948065281 -0.145891174674 0.0753335729241  
0.369196593761 -0.592958271503 0.185175910592  
0.837173104286 0.0393026545644 -0.138019144535  
0.924272477627 0.0995820313692 -0.172836452723  
1.48425745964 0.288897424936 0.537311971188  
0.701029360294 -0.390782654285 1.01233232021  
0.247651159763 -0.644368946552 0.474349170923  
0.46838593483 0.262255251408 -0.256268203259  
0.462746560574 0.727744817734 0.858191251755  
0.440654009581 -0.424915373325 1.74292528629  
-0.144023641944 0.0559714511037 2.19653606415  
0.166506007314 0.3702917099 1.61591351032  
0.455481976271 0.229963734746 1.09544920921  
0.551194727421 0.622876405716 0.876827955246  
0.656982719898 1.01681363583 0.601225435734  
0.401913464069 1.12368142605 0.47340708971  
0.227780401707 1.71992111206 0.679538309574  
0.353632748127 1.50788676739 0.78380805254  
0.479632765055 1.35188031197 1.31086277962  
0.988542973995 0.677163243294 0.391035735607  
0.99532520771 0.673943459988 -0.487748652697  
1.15297484398 0.576892793179 0.152728036046  
1.22976863384 -0.725113630295 0.912003874779  
0.870723366737 -0.91255569458 0.498352497816  
1.01812565327 -0.486964285374 0.29708519578  
