1.47402906418 0.365815460682 0.69419246912  
0.844183623791 0.111665576696 0.770310342312  
0.807372629642 0.164653539658 0.0933510810137  
0.42916944623 -0.108430534601 -0.0870546326041  
0.344476729631 0.287466138601 0.401733845472  
0.96978867054 1.08247959614 0.266818135977  
1.00699615479 1.11828410625 0.673289299011  
1.4521112442 1.17534732819 0.851438343525  
1.24915802479 0.76394701004 1.05647492409  
1.19069099426 -0.202883005142 0.195146143436  
1.06019508839 -0.624558210373 -0.111582279205  
-0.801708638668 -1.23316323757 -0.495847761631  
0.367909699678 -1.13876783848 -0.180820345879  
1.42344248295 -0.631191670895 0.27230322361  
1.6097073555 0.237972185016 -0.201644554734  
1.99793589115 -0.592804074287 0.177343785763  
2.24698472023 -1.20576941967 0.443724513054  
2.90869092941 -0.984911203384 0.64590960741  
1.9302366972 -0.903005361557 0.039833702147  
1.61929178238 -0.444546163082 -0.250265777111  
1.71799266338 -0.584932565689 -0.270715504885  
0.905916810036 -0.997054934502 0.385568797588  
0.656495928764 -0.290553897619 0.21262024343  
0.884365856647 -0.0134757719934 0.790230989456  
0.359934300184 0.165371224284 0.878786325455  
-0.0662248954177 -0.297225177288 0.46599149704  
-0.676920592785 0.308449923992 1.0537314415  
0.0870812237263 1.0940438509 1.23440027237  
1.05686366558 1.25527453423 0.692660450935  
0.818291664124 0.822441697121 0.322879344225  
1.39059817791 0.134532704949 0.121065348387  
1.13751924038 -0.84378194809 0.517084062099  
0.623045742512 -0.321655273438 0.645232081413  
1.29642319679 -0.416463345289 0.322558581829  
1.8743172884 -0.374572068453 0.466982960701  
0.770355761051 -0.0965202152729 0.183298110962  
-0.107501067221 -0.0074685360305 0.699920356274  
-0.406530618668 0.101863086224 0.351291239262  
-1.00836634636 -0.579038143158 1.81359827518  
-0.929889857769 -0.683813035488 1.99798691273  
1.30620598793 -0.142593547702 0.623089432716  
1.47761046886 0.0208823177963 0.414446085691  
1.1746481657 0.160751119256 0.337530583143  
0.553603291512 0.275236517191 0.227452322841  
1.10866475105 0.0152611294761 0.572254061699  
0.884321391582 0.731190979481 0.334564983845  
0.800992369652 1.176191926 0.823890268803  
0.650213479996 1.11567819118 0.923383951187  
1.06897354126 0.123695343733 0.765769660473  
1.2840102911 -0.309310406446 0.630649149418  
1.35405659676 -0.743400037289 0.35878148675  
1.34474027157 -1.03914999962 -0.152563601732  
0.984241783619 -1.22627031803 0.21586664021  
1.49414348602 -0.823682665825 0.446306586266  
1.11880123615 0.302748501301 0.3531460464  
1.71432328224 -0.603454828262 0.739179551601  
1.28583681583 -1.33903348446 0.400773644447  
1.48968791962 -0.78147983551 0.674162447453  
1.66071677208 -0.840172708035 -0.165117278695  
0.919912934303 -0.89293128252 -0.385114461184  
1.55016493797 -1.0181902647 -0.129594564438  
1.36173176765 -1.1514519453 0.0538331344724  
1.4191185236 -0.313549488783 0.212485492229  
1.27038347721 0.254942148924 0.507910072803  
-0.078525416553 -0.58522516489 1.25289332867  
-0.434253752232 -0.578864276409 0.889204204082  
-0.0235464908183 0.511226058006 0.889163792133  
0.968002021313 0.836252450943 1.23532629013  
2.24102258682 0.43397924304 0.93441838026  
1.90261590481 0.622821629047 0.575553059578  
1.01405918598 -0.0618960000575 0.198131129146  
0.704710066319 -0.232319429517 0.39882054925  
0.962181568146 -0.390912353992 0.335679233074  
1.05407238007 -0.554593026638 0.884007513523  
0.986351072788 -0.132725819945 0.185280248523  
0.647359490395 0.0331435352564 0.0263623353094  
0.0116191329435 0.00731159048155 -0.10501960665  
-0.674171864986 -0.0989704951644 -0.103428453207  
-1.22508394718 -0.302266746759 0.805077970028  
-1.59198892117 -0.181261703372 1.38968062401  
1.20593452454 0.039190992713 0.460356831551  
0.872659742832 0.491769522429 0.532396495342  
1.15752458572 0.690196216106 0.553672254086  
0.422925710678 0.454250961542 0.0387864783406  
0.803505241871 0.727000236511 0.533049345016  
0.946094274521 0.787654101849 0.468875050545  
0.49701204896 0.966468572617 0.767015397549  
1.26148962975 0.739899158478 1.00140190125  
1.20404565334 0.364393800497 0.97947704792  
1.85490119457 -0.58883613348 0.206626951694  
1.94581735134 -0.967704415321 0.436321556568  
1.71340429783 -0.500649094582 0.206629037857  
0.965463101864 -0.954035460949 0.33056974411  
0.986790180206 -0.969692826271 0.332280546427  
0.578336656094 -0.662198364735 0.129540503025  
1.13026320934 -0.227091863751 0.214100509882  
1.00952279568 -0.742675900459 0.591090142727  
0.806666970253 -0.454575151205 0.969331979752  
1.60517048836 -0.871486902237 0.373626232147  
1.61945605278 -0.919896304607 -0.150282353163  
1.48199152946 -1.00803875923 -0.0542111247778  
1.09250462055 -0.501016914845 -0.118461102247  
1.1377645731 0.0472167767584 0.157823592424  
2.1398358345 0.227631017566 0.00881117582321  
0.699476957321 -0.258855849504 0.222142189741  
0.667038202286 -0.432158589363 0.519578337669  
0.708649098873 0.304712235928 0.453082084656  
1.50315570831 0.287020891905 0.618220806122  
2.15164661407 -0.114324204624 0.37961101532  
1.21079337597 -0.421179443598 0.472382754087  
1.02434825897 -0.307251214981 0.429881155491  
1.12905585766 -0.0439313352108 0.7266523242  
0.574832856655 -0.0738441348076 0.423516869545  
0.985949039459 -0.258132278919 1.20873701572  
0.53878736496 -0.394144445658 0.988819301128  
0.429220557213 -0.17521288991 0.424573928118  
-0.318776339293 -0.360248476267 -0.165447100997  
-0.655800104141 -0.0736103057861 0.177863433957  
-0.795437037945 -0.658154904842 0.248680487275  
-1.89752626419 -0.494785755873 0.720100581646  
0.438682377338 0.952493190765 0.77619022131  
0.542163193226 0.610507428646 0.992033541203  
0.45394769311 0.278235554695 1.25991618633  
0.831759214401 0.831546127796 0.831650078297  
0.862944602966 0.863042593002 0.863172590733  
0.841804683208 0.841606259346 0.841928720474  
0.148348525167 0.765688359737 0.68884563446  
0.703871130943 0.1491548419 0.977443277836  
0.739486277103 -0.346000730991 1.26160013676  
0.265588968992 -1.03051316738 0.926696777344  
0.152943283319 -0.253380954266 0.394212156534  
1.02843689919 -0.537768423557 1.08929514885  
0.931518375874 -0.766895055771 0.805876672268  
0.679904878139 -1.03193306923 0.0109059531242  
0.21179446578 -1.1433545351 -0.15553842485  
0.689934849739 -0.510485470295 -0.0747599154711  
0.628894746304 -0.921370446682 0.591048419476  
0.167543008924 -0.559800982475 0.538216412067  
0.943131566048 -0.685059964657 1.15042746067  
1.82438349724 -0.40060120821 0.125700771809  
1.17472755909 -0.232672557235 0.106413953006  
-0.073060721159 -0.152815282345 -0.210216090083  
0.547291815281 0.228365540504 -0.132386729121  
1.07186114788 0.499313503504 -0.230410069227  
0.655945539474 -0.27360188961 -0.583532452583  
0.85839933157 -0.255853176117 0.108658358455  
0.723839104176 0.232447609305 0.620341897011  
1.39819860458 -0.202504575253 0.0102123748511  
1.61940610409 -0.0478223077953 0.0353673174977  
1.37366843224 -0.795329749584 -0.0577675178647  
0.31738203764 -0.249679163098 0.485216140747  
0.925833880901 -0.572224617004 0.656409680843  
0.728721439838 -0.4106592834 0.234498053789  
1.01746749878 -0.712128579617 1.23353827  
0.666155159473 -0.127866953611 2.21142697334  
0.357356876135 -0.0639064982533 1.47300589085  
-0.37306535244 -0.379192769527 0.4870185256  
-0.138635694981 -0.788654923439 0.689957082272  
0.302555084229 -0.481228411198 0.745368778706  
-0.866013765335 -0.131999254227 0.538374245167  
0.734880268574 0.996949493885 0.814586699009  
0.85469019413 1.05177545547 0.823952913284  
0.573399245739 1.03924846649 0.823023855686  
0.830309689045 0.830464422703 0.830354392529  
0.87082362175 0.870826780796 0.870798647404  
0.862703382969 0.86269569397 0.862400352955  
0.418426901102 1.09427392483 0.996413648129  
0.23173609376 0.264817684889 0.899954676628  
0.295618504286 0.0215304028243 1.80918884277  
-0.19644023478 -0.602250039577 1.08020091057  
-0.38465076685 -0.0672882124782 1.06171643734  
0.592718720436 -0.0974958539009 1.0659403801  
0.681257784367 -0.361175537109 0.627418398857  
1.00590002537 -0.662236332893 0.728190839291  
0.793572545052 -1.36594986916 0.410695850849  
0.788570225239 -0.93146187067 -0.251000583172  
-0.044154599309 -0.988949358463 0.237702935934  
0.442154318094 -0.409756153822 0.847752153873  
0.868069767952 -0.611022472382 0.928210020065  
1.31700491905 -0.63430339098 0.485883712769  
1.18515276909 -0.225992888212 -0.0963508933783  
-0.0556367076933 0.0527533739805 -0.0593063607812  
0.597820162773 0.620295524597 -0.00829210411757  
0.744201719761 0.716453373432 -0.0665668994188  
0.3772123456 0.600526332855 -0.408547520638  
0.676181018353 0.226132959127 -0.197280198336  
1.11531198025 0.825003445148 0.223570302129  
1.76680743694 0.712577104568 0.366887390614  
1.52036142349 0.0587659180164 0.263946384192  
0.216336846352 -0.178262680769 0.853942155838  
0.431566983461 0.0960861444473 0.568840265274  
0.680866539478 0.0213016588241 0.623406291008  
0.597677052021 -0.623360335827 0.765213131905  
0.608774125576 -0.568921327591 0.93085706234  
0.759686052799 -0.353636115789 1.61629545689  
0.755587995052 0.0201595462859 1.3673222065  
-0.0914872288704 0.273436933756 0.505698978901  
0.173819944263 -0.966884970665 0.668873488903  
0.553071975708 -0.0929359868169 0.839598357677  
-0.0593562722206 0.0480385161936 0.650120198727  
1.02202355862 0.779879152775 0.845853805542  
0.964106976986 1.41978859901 1.59137356281  
0.811559915543 0.917096674442 1.3557549715  
0.830738961697 0.831025362015 0.831014633179  
0.869597494602 0.869763374329 0.8697296381  
0.880935370922 0.881008386612 0.881003320217  
0.402005910873 1.23935067654 1.33125555515  
-0.594172120094 0.506103634834 1.34202063084  
-0.122068949044 -0.00293108448386 1.35410821438  
-0.187017768621 -0.0355441495776 0.78811955452  
-0.046935018152 0.348367184401 1.25948369503  
0.649225473404 0.221658065915 1.13270998001  
0.550688564777 -0.316420733929 0.962517619133  
0.750078678131 -0.497882902622 0.808085381985  
1.43645775318 -1.10194671154 0.23237401247  
1.71018087864 -0.603807151318 -0.00277993967757  
0.595274150372 -1.42430067062 0.155057415366  
0.615272521973 -1.73551893234 0.560031056404  
0.44571429491 -1.07203483582 0.543709695339  
0.590273916721 -0.506242156029 0.1847615242  
0.423760861158 0.0512061677873 0.211697906256  
0.0437546372414 0.230426385999 0.690992891788  
0.407354086637 0.419707477093 0.406659811735  
0.676675736904 0.769465565681 -0.128558963537  
0.285531073809 0.934606671333 0.0212914012372  
0.525126338005 0.794042766094 0.147847667336  
1.02446377277 0.791841566563 -0.0367813631892  
1.30938959122 0.675556957722 0.47967261076  
0.961102604866 1.3372541666 0.470799058676  
0.813700675964 0.999956429005 0.852226674557  
0.940612435341 0.581764161587 0.581336736679  
1.33621251583 -0.00593002559617 0.590463995934  
1.22890102863 -0.0758195593953 0.150375366211  
0.98494464159 -0.484351277351 0.152626276016  
1.23813688755 -0.22303776443 0.906349241734  
0.659916222095 0.706533968449 0.840445458889  
0.214423239231 -0.0934490561485 0.780323863029  
0.283335268497 -0.603496551514 0.793223261833  
0.591222643852 -0.834022939205 0.950876533985  
0.200123280287 -0.747841238976 0.383822083473  
0.533979475498 0.201533585787 0.199740439653  
0.606169581413 0.62970495224 1.00934565067  
0.69968432188 0.643880605698 1.26051163673  
1.05900394917 0.915395140648 1.24333417416  
0.556439876556 0.475906074047 0.875292003155  
0.861981332302 0.739222288132 1.04417312145  
1.10435259342 0.629990279675 1.60167551041  
-0.323661983013 0.207572251558 1.15924084187  
-0.444551020861 -0.0262734033167 1.19917702675  
0.375582128763 -0.09491302073 0.286731600761  
0.129556059837 0.818607151508 0.656412959099  
0.589025139809 0.543733716011 0.648319661617  
0.629275202751 -0.113252572715 0.537437260151  
1.29091918468 -0.625070571899 0.983060479164  
1.16114091873 -1.08375406265 0.479758948088  
0.972839295864 -1.25125908852 0.461500674486  
0.307897269726 -0.775254368782 0.533188402653  
-0.0704110115767 -0.846536636353 0.156449183822  
0.0571184307337 -0.221581727266 -0.206798762083  
0.565132796764 -0.218632847071 0.303189426661  
0.0466322079301 0.0560752041638 0.656549453735  
-0.266053795815 0.0596942789853 0.678029537201  
0.558955073357 -0.237782478333 0.35857835412  
0.26122918725 0.23644028604 0.4528619349  
0.401280403137 0.897366166115 0.613050043583  
0.536383450031 0.868556380272 0.351910322905  
0.681813299656 1.5528639555 -0.140957251191  
1.35582304001 1.10365498066 -0.215499281883  
-0.0718260854483 1.10902047157 -0.0110532017425  
0.754039108753 1.47229480743 0.0818739533424  
1.01565992832 1.62847805023 0.185749381781  
1.37695097923 0.537136137486 0.507196307182  
1.52786827087 0.139860287309 0.736510336399  
1.14152550697 -0.409888833761 0.650164961815  
1.32811045647 -0.156047299504 0.594773650169  
0.683488070965 0.3035197258 0.537868916988  
0.0322499014437 0.249321401119 0.636339068413  
0.306937634945 0.124932006001 1.05003499985  
0.325640380383 -0.0768546760082 0.630058467388  
0.696640372276 -0.106571637094 -0.201171800494  
0.365042328835 -0.311939299107 0.239505141973  
0.462843775749 0.252871274948 0.551013469696  
1.20766973495 0.207312181592 1.55739033222  
1.44211351871 0.0309403911233 1.96066963673  
0.981366336346 0.795316696167 1.05249798298  
1.03361594677 0.308285236359 0.908882498741  
1.45260119438 -0.223631635308 0.783583760262  
0.547776639462 -0.0274532884359 0.583396077156  
0.0787578076124 -0.236781746149 0.540169477463  
0.0463389568031 -0.235702738166 0.329053759575  
-0.104580529034 0.416637063026 0.412689059973  
0.287301003933 0.580260336399 0.685277700424  
0.329295605421 0.147893562913 0.838668346405  
0.535740315914 0.182409852743 0.790168166161  
0.390695869923 -0.492702007294 1.16470062733  
0.713858485222 -0.589731097221 0.946496129036  
0.374326109886 -0.873526096344 0.640650987625  
-0.271720826626 -0.545526504517 -0.248293027282  
-0.272129505873 0.1494897753 -0.367253124714  
0.0500541105866 -0.550137460232 0.162752315402  
-0.550001680851 -0.222859561443 0.793748319149  
-0.340534329414 -0.616481363773 0.818853855133  
0.570762515068 -0.294957965612 0.162121728063  
0.503993093967 0.204571411014 0.668456912041  
0.483206897974 1.16517961025 0.817922413349  
0.407335221767 0.885868370533 1.02227294445  
0.552002906799 0.645664989948 0.0698998644948  
1.19753873348 0.906073749065 -0.158491894603  
0.578084886074 0.504434227943 -0.272942960262  
1.09352087975 1.00325191021 -0.220250114799  
0.373466193676 1.46514487267 0.0636114627123  
1.14215707779 0.718007624149 0.246553048491  
1.49737131596 0.696365177631 0.599394261837  
1.22338569164 0.345263272524 0.799110531807  
0.511504650116 0.483699381351 0.623623132706  
0.0107401050627 0.799495100975 0.576754391193  
0.278052806854 0.608616292477 0.632736861706  
0.636625826359 0.452367395163 0.251223355532  
0.0762481167912 0.662326991558 0.32478544116  
0.585555016994 0.353870302439 -0.500317871571  
0.869120240211 -0.0958739519119 0.474761009216  
0.768622219563 0.181095123291 0.51488161087  
1.5443662405 0.188493460417 1.32301056385  
1.55673027039 0.121976733208 2.04593849182  
1.10457646847 0.264402717352 1.47308635712  
0.858456969261 0.429217606783 0.950223743916  
1.37649273872 -0.247685804963 0.435803979635  
1.12485635281 -0.34827002883 0.287537902594  
0.72961127758 -0.225635752082 0.634716212749  
-0.139284595847 -0.1011345312 0.602751255035  
-0.2393899858 0.371379703283 0.54002392292  
-0.263543963432 1.13480126858 0.583886027336  
0.124850943685 0.862055361271 0.687185168266  
0.782099843025 0.272804319859 1.021930933  
0.348971933126 -0.433637470007 1.48522138596  
0.651410758495 -0.320924162865 1.3633043766  
0.514197051525 -0.667894124985 0.491316050291  
-0.0730959177017 -0.351443439722 -0.526929736137  
-0.410574227571 -0.139427676797 0.481122434139  
-0.180251315236 -0.285734504461 0.385204941034  
-0.7050344944 -0.0508517883718 0.360506772995  
-0.452491760254 -0.847594499588 0.581298470497  
0.0203614700586 -0.159422963858 0.0121910320595  
0.654085755348 0.895220756531 0.421365648508  
0.250122159719 1.24609005451 0.915504872799  
0.26031550765 1.28073310852 0.545458495617  
0.0902420505881 1.26183974743 0.017701741308  
0.960350990295 0.770612537861 -0.514109611511  
0.270299047232 0.391913145781 0.557949364185  
0.744333446026 0.510461568832 0.319562643766  
0.731725752354 0.36672320962 -0.181074917316  
1.18205606937 -0.0935821011662 -0.160912126303  
1.60188829899 0.167882353067 0.19463840127  
1.10512316227 0.364753901958 0.852702021599  
0.885918736458 0.545344412327 1.01361823082  
0.81654292345 0.634225904942 0.856314480305  
0.623950064182 0.780605792999 0.982905030251  
0.433946490288 0.793648421764 0.292462944984  
0.492576390505 0.436084449291 0.095134600997  
0.21836631 0.490942418575 -0.345579266548  
0.923509001732 -0.113845810294 0.432653903961  
0.699490249157 0.0255214888602 0.428996920586  
1.55664360523 0.434156924486 1.13055837154  
1.17777299881 0.10030952841 2.36238622665  
1.08575844765 -0.495996266603 1.5992513895  
0.620994091034 -0.253179639578 1.71547806263  
0.769470989704 -0.161148577929 0.542634308338  
1.37273859978 -0.524877429008 0.411816030741  
0.723704516888 -0.726438224316 0.231272265315  
0.712377071381 -0.475402027369 0.797240257263  
-0.79961168766 0.419827699661 0.70949858427  
-0.410750806332 1.01136004925 0.890267789364  
-0.490082114935 0.928351640701 1.13665676117  
-0.00073964492185 0.776954352856 0.598060965538  
1.08776736259 0.347498327494 1.03076958656  
0.582015931606 0.0961836054921 1.07758772373  
-0.143949821591 -0.900505781174 0.127068728209  
-0.477563709021 0.221559092402 -0.542435348034  
-0.866405427456 -0.0222153682262 0.64643651247  
-0.367967605591 -0.0234883036464 1.02119088173  
-1.01072013378 -0.120420247316 0.108454726636  
-0.137433797121 -0.627028405666 0.238595217466  
-0.218972221017 -0.502585232258 0.420391976833  
0.234700664878 1.11561727524 0.349000573158  
-0.00381670473143 1.3717250824 0.627470374107  
0.163117155433 1.33521020412 0.20291531086  
0.397516697645 1.01319336891 -0.317303150892  
0.447047144175 0.669196844101 -0.0323234014213  
0.724513292313 1.12084257603 0.155775636435  
1.17108094692 -0.00633858749643 0.235498085618  
0.628884851933 0.0424193404615 0.0247026048601  
1.11640131474 -0.251198649406 -0.397594958544  
1.44574606419 -0.628951787949 0.149523064494  
1.23105931282 -0.0473669543862 0.802421152592  
0.76470965147 0.850676357746 1.01264488697  
0.886340260506 0.683317661285 0.977297246456  
1.24310982227 1.13483870029 0.633850812912  
0.10965898633 0.850844621658 0.574342250824  
0.623738288879 1.0103880167 0.275477766991  
0.0775514096022 0.998016357422 0.352868437767  
1.28744280338 -0.0544193014503 0.511548519135  
1.47497153282 0.376865208149 0.561593055725  
1.26975607872 0.388741672039 1.64969730377  
1.53235054016 -0.47819045186 2.37852454185  
0.911965191364 -0.577248215675 1.74849081039  
0.602119982243 -0.172532811761 1.04869914055  
0.266402006149 0.318917512894 0.421996951103  
0.571961820126 -0.126590147614 0.273345708847  
1.17993927002 -0.288511127234 -0.0237150099128  
0.927238047123 -0.357729375362 0.471074223518  
0.371907502413 0.357160270214 0.744466602802  
-0.242828994989 0.522598922253 1.04138958454  
-0.918488621712 0.550429999828 0.809792995453  
0.0817456841469 0.834832012653 0.655623733997  
0.797097623348 0.497148275375 1.12656462193  
0.582136034966 0.249450132251 1.36079013348  
0.43578183651 -0.376919835806 0.257383555174  
0.23768773675 -0.155127838254 0.18312124908  
-0.613815188408 0.0144755467772 0.25199458003  
-0.681031763554 -0.524093389511 0.528716862202  
-0.534602940083 0.714449226856 0.225366055965  
-0.1374668926 0.00669059576467 0.642247378826  
0.259621798992 0.0187140516937 0.275578320026  
0.291751801968 0.849508821964 0.22604931891  
0.26027405262 1.13115334511 0.438801884651  
0.0533070974052 1.55352878571 0.194587528706  
-0.0975188836455 0.936614334583 -0.356718808413  
-0.0436805188656 0.627827167511 -0.318214356899  
1.23858463764 1.19086062908 -0.380278587341  
1.41540896893 0.316447496414 0.00423130206764  
1.1582556963 0.827558398247 0.30003452301  
0.967373073101 1.2708940506 0.604079723358  
0.650568425655 0.299434632063 0.83934366703  
0.514649629593 0.230029344559 0.423169314861  
0.406308084726 0.627286016941 0.141852900386  
0.918653845787 0.480816245079 0.596071839333  
1.35736405849 0.641513049603 1.01535248756  
0.67683249712 0.801580905914 1.12624919415  
0.334269911051 0.831815838814 0.566223323345  
-0.0875094532967 0.728200316429 0.83824712038  
0.596483111382 -0.082411877811 -0.314826220274  
0.948103070259 0.594507753849 0.0753377452493  
1.24232268333 0.297741949558 0.769945383072  
1.4174656868 -0.107118465006 1.7275198698  
0.58188945055 -0.0919628888369 1.34276950359  
0.154627144337 -0.498201787472 1.62197601795  
0.130196258426 -0.312787294388 0.836039662361  
0.970319330692 -0.284397900105 0.640573978424  
0.957016170025 -0.488197743893 0.200014129281  
0.55552905798 -0.271440833807 0.852008581161  
0.00653872918338 -0.0567398220301 0.662827670574  
0.141446605325 -0.478024274111 0.611404120922  
-0.0213222336024 0.128803730011 0.913574278355  
-0.63135099411 0.549217700958 0.705660521984  
0.451904684305 0.345203310251 0.596578657627  
0.1658449471 -0.446159809828 1.40845191479  
0.0486934185028 -0.798896610737 0.818926811218  
0.351994365454 -0.18444699049 1.10511386395  
0.0733978152275 0.232418373227 0.953843414783  
-0.127968341112 -0.128839939833 0.815580189228  
-0.405397981405 -0.16237154603 0.289140015841  
-0.543787002563 0.150798261166 0.143689274788  
-0.284213960171 0.549090027809 -0.246244668961  
0.603132963181 0.712778508663 0.600628972054  
-0.0880263820291 0.97828322649 0.236793637276  
-0.123823285103 1.83272635937 0.317217558622  
-0.222300887108 0.886492550373 0.366278290749  
-0.805039823055 0.780113518238 -0.439886122942  
0.991454482079 1.44635760784 0.00871095340699  
1.58494484425 0.808463156223 0.47292804718  
1.14887404442 0.860096395016 0.460076034069  
1.00671577454 0.736260950565 0.844055294991  
0.643108487129 0.995905637741 0.221481859684  
0.126219078898 0.997367441654 0.0745694041252  
0.247287288308 0.978524327278 0.0905848369002  
1.03377962112 1.37946105003 0.586004793644  
1.89020252228 1.17953872681 1.2506146431  
1.71405410767 1.286211133 0.741584420204  
1.31332015991 1.23210000992 0.0758937671781  
0.761325120926 0.803115427494 0.740811765194  
0.462847709656 1.05811023712 -0.092366963625  
0.657515048981 0.393519639969 0.772534906864  
0.560920834541 -0.161390066147 1.39961361885  
0.457555413246 0.187435150146 1.77038884163  
0.320143461227 0.0666450038552 0.990969657898  
0.156663313508 -0.462703377008 1.46023917198  
-0.264172643423 0.202142208815 1.04738211632  
0.285583078861 -0.326037228107 0.922358036041  
0.258394092321 -0.305843263865 0.875000119209  
0.0586282499135 -1.15918946266 1.10678863525  
-0.468433141708 -1.1391980648 1.06963467598  
-0.437423288822 -0.348248273134 1.02416169643  
-0.192429274321 -0.456753224134 0.900107622147  
-0.438838213682 0.127039626241 0.753602325916  
-0.390060782433 0.161917239428 0.62706053257  
-0.139044880867 -0.61247998476 1.33449542522  
0.129712581635 0.124427460134 1.58759903908  
0.814988553524 0.46473762393 1.01791024208  
0.289229214191 0.00195355457254 0.741904914379  
-0.435097724199 0.111257068813 0.960869848728  
-0.166720077395 -0.15455827117 0.361009955406  
0.0612031854689 0.0162845887244 0.568904221058  
0.310317546129 0.303299576044 -0.381908774376  
0.247209191322 0.895315110683 0.820351302624  
0.183512806892 1.46806883812 0.286107003689  
-0.425274819136 1.5233515501 0.261353284121  
-0.0687181055546 1.11284196377 0.831683278084  
0.921364605427 1.00602042675 -0.0216699037701  
1.4634346962 1.16041135788 0.190677374601  
1.38954281807 0.955319941044 0.6090285182  
1.20851719379 0.568432807922 0.571067929268  
0.411305755377 0.622790753841 0.346323341131  
0.140391036868 0.951048314571 0.381458222866  
0.0920359715819 1.3288333416 -0.0718625113368  
0.471575886011 1.54735410213 0.323895037174  
0.772624433041 0.990368068218 1.28506278992  
1.72562384605 0.958084225655 2.22931838036  
2.11803436279 1.15373826027 1.62718272209  
1.51981437206 1.42569673061 1.59791040421  
1.32685756683 0.489631742239 2.11641764641  
0.417692154646 1.10181546211 -0.480516314507  
0.00717027066275 0.207337498665 0.292640984058  
0.0916346684098 -0.468976736069 1.0369335413  
0.29275599122 -0.461058527231 2.0669772625  
0.187018662691 0.198254331946 0.828636825085  
0.0263508372009 -0.234671369195 0.448563069105  
-0.438237726688 -0.0817556232214 1.02741742134  
0.140969365835 -0.0485521703959 1.36306798458  
0.065826356411 -0.454834282398 1.16579413414  
0.0891261994839 -0.638974547386 1.19514906406  
-0.627353668213 -1.09482562542 1.38378238678  
-0.660074293613 -0.631836771965 1.14744246006  
-0.587117493153 -0.222740203142 0.904729127884  
-0.54872584343 0.0533448420465 0.692367970943  
-0.483961135149 0.107272289693 1.55935072899  
-0.618382811546 0.142272770405 1.59992730618  
0.0189564041793 0.445652931929 0.677376568317  
0.21738088131 0.438844740391 -0.0439848229289  
-0.244307234883 0.191596120596 0.769103825092  
-0.474852234125 -0.189447686076 1.12036216259  
0.162880316377 -0.683010399342 0.953159093857  
0.231666356325 -0.472934544086 1.04904770851  
-0.121397092938 0.116510055959 0.696239590645  
-0.145071864128 0.154636397958 0.351371973753  
0.182794466615 0.419499516487 0.721362948418  
-0.663120388985 1.3387055397 0.583514451981  
-0.677296042442 1.49326050282 1.06161880493  
0.561110377312 1.21680676937 0.741261780262  
1.58526718616 0.785849273205 0.390200406313  
1.29286968708 0.156153663993 1.10658729076  
1.13458645344 -0.0188914686441 0.823492050171  
0.307578831911 0.193902015686 0.448073685169  
0.332030802965 1.33640122414 0.146479964256  
0.416634052992 1.37939429283 -0.355919390917  
0.893393337727 1.53112447262 0.716725707054  
0.740310609341 0.957919597626 1.47661173344  
0.930069327354 0.461019277573 1.59121799469  
1.45167267323 1.11358654499 2.31594824791  
2.09609484673 1.92916870117 1.62801802158  
1.47490823269 1.47900128365 1.84013748169  
-0.0582208260894 0.46968883276 -0.126271665096  
0.105497814715 0.324012428522 -0.216573536396  
0.565351128578 0.155403658748 -0.388799607754  
0.0986939892173 0.24790070951 0.340427786112  
0.00401423778385 1.07609665394 0.302896559238  
-0.387058913708 0.488427758217 0.141167834401  
0.0246607419103 0.215840876102 -0.126640483737  
0.0417953170836 -0.216602578759 0.827715456486  
-0.172623276711 -0.532444119453 0.949948489666  
0.0904732421041 -0.946516871452 0.896521091461  
-0.762797117233 -0.393565952778 1.14796876907  
-0.929423570633 0.282293349504 1.52765226364  
-0.733893573284 -0.27818992734 0.844910562038  
-0.171953752637 -0.0394463352859 0.29822447896  
0.0592976994812 0.880498230457 1.26686990261  
-0.138808578253 0.291810721159 0.504587054253  
-0.399689227343 -0.121591545641 -0.115659020841  
0.061713449657 0.256108373404 0.252259969711  
-0.696764111519 -0.110065378249 0.737698435783  
-0.858287811279 0.326493829489 0.962727725506  
-0.367150336504 0.0181502159685 0.699771344662  
-0.123603820801 -0.32316711545 1.03300797939  
0.00369700952433 0.601465940475 0.67334485054  
-0.386947154999 0.18559230864 1.16259407997  
0.403811872005 -0.00636162934825 0.858762741089  
-0.0989839807153 1.08467161655 0.685351848602  
-0.734600663185 1.85866165161 0.588631331921  
0.72786295414 1.37060797215 0.812721908092  
1.91657984257 0.572786509991 1.28365647793  
1.25421738625 -0.19113637507 1.24965178967  
0.921546697617 -0.0150941293687 0.815089166164  
1.12621879578 -0.216452658176 0.507099747658  
0.886146128178 0.741740942001 0.0877626612782  
0.81269878149 0.892790079117 -0.540923953056  
1.48082649708 1.16312193871 0.474330067635  
1.16752374172 0.819127738476 1.59647083282  
0.630538523197 0.434806227684 1.37296950817  
0.68887424469 1.12632441521 2.03947114944  
1.52417492867 1.61505532265 2.25924897194  
1.0916531086 1.54587697983 1.44137835503  
-0.300733745098 -0.178794413805 -0.242909610271  
-0.299370497465 -0.00561229558662 -0.31524553895  
-0.139860391617 -0.360178619623 -0.42359110713  
-0.0452788211405 0.0691580995917 0.12291700393  
0.102227002382 1.01009237766 -0.0175302680582  
-0.459960132837 0.990383446217 0.066219843924  
0.359997361898 0.94574123621 -0.21198309958  
-0.37058955431 0.223852857947 0.119319736958  
-0.336271673441 -0.74344933033 0.570146262646  
-0.009990231134 -0.549057722092 1.02459609509  
-0.809388995171 -0.253260135651 0.773535728455  
-0.896529793739 0.650540292263 1.00361824036  
-0.224534675479 -0.131563737988 1.22190189362  
0.209527611732 0.00277358316816 0.674023449421  
0.0887217074633 0.963059425354 1.02144443989  
0.023611497134 0.621971189976 0.672508180141  
-0.569510519505 0.36305013299 0.140451550484  
0.399028152227 0.470797628164 0.604433715343  
-0.00341584417038 -0.0307363253087 0.322508573532  
-1.38982260227 -0.0621158257127 1.34072172642  
-0.511030733585 0.102216497064 0.878993272781  
0.154397562146 0.446105033159 1.10849511623  
-0.205724045634 0.828186452389 0.445629715919  
-0.123061060905 1.07578444481 0.475817501545  
0.315416872501 0.607247054577 0.451401740313  
0.202020213008 0.581820964813 0.658758461475  
0.0609046630561 1.15234184265 1.0293636322  
1.4337451458 0.922744870186 1.11610639095  
0.962901711464 0.60882204771 1.52291226387  
0.590982496738 0.0428996123374 1.24167346954  
0.464378505945 0.167682036757 1.00177466869  
0.924066483974 0.404962211847 0.873843848705  
0.762070059776 0.783728301525 0.547478854656  
1.00359010696 0.023965138942 -0.580496668816  
1.20064198971 0.53337174654 0.198722973466  
0.917147040367 0.150776550174 1.1461186409  
0.502738714218 0.0202324930578 1.38465976715  
-0.254965275526 0.859987974167 2.14389610291  
0.33938524127 1.0940669775 1.73662602901  
0.56804049015 1.41916167736 1.36580836773  
0.0189142543823 -0.677534461021 0.00712251244113  
-0.296265810728 -0.59098893404 -0.260330766439  
-0.720087945461 0.0687784105539 -0.611460745335  
-0.141186252236 0.284882605076 0.414076834917  
0.329557359219 0.741673529148 -0.0965383052826  
-0.00941632781178 0.976241588593 0.500592827797  
-0.0671266168356 0.57159948349 0.327424705029  
-0.521134853363 0.000838159874547 0.212413668633  
-0.393839538097 -0.738362789154 -0.195453003049  
-0.257751554251 -0.318552076817 0.267206221819  
-0.828645884991 0.178514271975 0.967363774776  
-0.999082148075 0.238563209772 0.758905827999  
-0.0741656273603 0.311283290386 0.920256257057  
0.345111250877 -0.296692609787 0.970364570618  
0.0873734354973 -0.111746713519 0.949458658695  
-0.991813004017 0.569494962692 0.707151889801  
-1.22513866425 0.589513063431 0.435400098562  
-0.0079061947763 0.930205345154 0.87547147274  
0.783764481544 0.452206522226 0.708295345306  
-0.0425966307521 0.205992415547 0.975572943687  
-0.330617368221 -0.0536748804152 1.20728683472  
-0.334584355354 0.371031939983 0.838969171047  
0.333402454853 0.478732615709 1.04510509968  
0.330801814795 0.979482650757 0.990222036839  
0.415450930595 0.416621595621 0.954454541206  
0.0990902632475 0.52872043848 1.27232253551  
0.507208228111 0.842711627483 1.3262745142  
1.10352051258 0.426133692265 1.30136597157  
1.01074683666 -0.322610497475 1.17872786522  
0.514353573322 -1.08222079277 1.96648967266  
0.589713811874 -0.34760504961 1.69439983368  
0.545067965984 -0.236066758633 1.35764801502  
0.278459429741 -0.577808499336 0.367943108082  
1.24438261986 -0.296047836542 0.441685438156  
1.24691534042 -0.432690232992 0.363917559385  
1.06172704697 -0.663228929043 1.15577340126  
0.202085852623 0.00115916179493 1.08838558197  
-0.181976661086 0.176346883178 1.66478002071  
-0.107191048563 1.31071209908 1.26831710339  
0.096881210804 0.862927317619 1.22975254059  
-0.0312997698784 -0.669265925884 -0.665705561638  
-0.560029089451 -0.143000304699 -0.48163536191  
-0.829456746578 -0.17948256433 -0.276671767235  
-0.610596120358 0.174883946776 0.100117348135  
-0.14528131485 0.681655883789 0.463746458292  
-0.199031695724 0.943365752697 0.520528495312  
-0.198349475861 0.852531611919 0.379645705223  
-0.817564129829 -0.508049607277 0.0685567706823  
-0.95149987936 -0.164080634713 -0.540408968925  
-0.723889291286 -0.239837497473 -0.418219029903  
-1.23840510845 -0.254559099674 -0.159317940474  
-1.20486855507 0.154381588101 0.51414757967  
-0.301446527243 -0.11066494137 0.831587672234  
-0.301412522793 -0.26970499754 0.897911727428  
-0.397175937891 -0.331094861031 0.670944213867  
-0.796520531178 0.432349294424 0.71417760849  
-1.40244710445 0.455961614847 0.330000519753  
-0.8416223526 0.577572882175 1.07953321934  
0.183981359005 0.711443662643 0.477269619703  
-0.206802979112 0.601179122925 0.578681051731  
-0.909727632999 0.427813053131 1.40006756783  
-0.740853965282 -0.246706649661 1.08878302574  
0.358849167824 -0.306576818228 0.74278241396  
1.10489833355 -0.037385713309 0.610729455948  
0.201546892524 -0.469738960266 0.970948398113  
0.596742510796 0.269111782312 1.51501131058  
1.08039200306 0.617781996727 1.21864581108  
1.30002105236 -0.108608677983 0.959893524647  
0.797181427479 -0.296443253756 1.16431725025  
0.24929754436 -0.617819607258 2.09952282906  
0.0230707433075 -0.637111783028 1.94612216949  
0.0462495312095 -0.192310154438 1.82855975628  
0.314690589905 -0.391969591379 1.51430308819  
1.12314295769 -0.204938903451 0.764770030975  
1.31401479244 0.00477077439427 0.725493311882  
1.30870997906 0.264043182135 1.1454076767  
0.414970010519 0.193893745542 0.642277121544  
0.564313113689 0.47497010231 1.34514904022  
0.375980585814 1.52727007866 1.43289637566  
-0.0457577705383 1.26154112816 1.16722714901  
-0.711233496666 -0.838587284088 -0.48158583045  
-0.865171670914 -0.462718725204 -0.346584647894  
-1.11659836769 0.479202181101 -0.106647834182  
-0.635938227177 0.28351560235 -0.204897508025  
-0.294026702642 1.07210123539 -0.0823799967766  
-0.176270887256 1.36943721771 0.317708879709  
-1.06457293034 0.961224138737 0.790184676647  
-1.44524669647 -0.295813918114 0.669775664806  
-1.39111089706 -0.564382255077 0.205450862646  
-1.18637883663 -0.822305858135 -0.235072433949  
-1.10939502716 -0.578709602356 -0.0260709542781  
-0.970836818218 0.279151856899 0.188969254494  
-0.615793228149 0.170406699181 0.414364665747  
-0.220527082682 -0.0412032753229 0.568400263786  
-0.358543336391 0.27234724164 0.664461970329  
-1.20316565037 0.62695723772 0.667878985405  
-0.396028578281 0.659817397594 0.382007062435  
-0.569486021996 0.774191498756 0.304298877716  
-0.824857890606 0.745519816875 -0.096546381712  
-0.863592803478 -0.15718896687 0.57763338089  
-1.66300463676 0.236452192068 0.767165780067  
-1.57282280922 -0.147001951933 0.726460874081  
-0.579992830753 0.177261859179 1.56233716011  
-0.0481961704791 -0.234609782696 1.30746591091  
-0.0922618806362 -0.566866457462 1.91879534721  
-0.062181673944 -0.341932266951 1.95504200459  
0.0971940085292 -0.116586282849 0.941893160343  
0.231735721231 -0.294326156378 1.26421201229  
0.611238002777 -0.0971244126558 1.87856650352  
-0.5130905509 -0.405380666256 2.77324557304  
-0.213109061122 -0.610014736652 2.2416639328  
-0.216411903501 -0.310708999634 1.84627187252  
0.561693787575 -0.670445561409 2.23262619972  
1.00926053524 0.244888529181 1.1112267971  
0.646509766579 0.0613132975996 1.10479521751  
0.121095649898 -0.0791538953781 0.375516623259  
-0.470557153225 -0.241167902946 0.91615408659  
-0.280124872923 0.286912739277 0.469001978636  
0.229712620378 1.10247671604 0.751070976257  
0.253835588694 1.43834900856 1.18010795116  
-1.68607068062 -0.495676338673 -0.829913139343  
-1.46358478069 -0.282755106688 -0.146797686815  
-1.32979929447 0.0207283664495 -0.297861754894  
-0.578166246414 0.390115469694 -0.0929680988193  
-0.527275443077 0.91829264164 -0.054130807519  
-1.08615267277 1.0722026825 -0.0270140673965  
-1.70073843002 0.22423042357 0.22393643856  
-2.2836420536 -0.499599099159 0.438357561827  
-1.17792856693 -0.730502009392 0.306133538485  
-1.01531767845 -0.691462159157 0.209308847785  
-1.61479008198 -0.497863382101 0.462628930807  
-1.33349394798 0.779784321785 0.287575989962  
-1.1027957201 0.938574790955 0.218268111348  
0.233077943325 0.0908412560821 0.0655412226915  
-0.155189201236 0.581683635712 0.833533704281  
-0.654093384743 1.28632164001 0.424074143171  
-0.578530311584 1.06205880642 0.417869180441  
-0.465596109629 0.929542720318 -0.108267657459  
-0.615873336792 0.88857793808 0.188578873873  
-1.23800778389 -0.120524898171 0.282246381044  
-1.74338531494 -0.183795407414 1.26064503193  
-1.69824576378 0.167607456446 0.90560567379  
-0.525119185448 0.739794194698 1.12896382809  
-0.291479259729 -0.0937915146351 1.88843679428  
-0.208371013403 -0.671938359737 1.58347117901  
-0.354181051254 -0.624404191971 1.46231436729  
-0.310295909643 -0.700625240803 0.780377149582  
-0.326945900917 -0.850519001484 1.71892821789  
-0.0724741891026 -0.87743294239 1.78538250923  
-0.0460822284222 -0.776998996735 2.12054586411  
0.237267047167 -0.394483923912 2.3377969265  
-0.128976613283 -0.742953777313 1.62744128704  
0.487678319216 -1.22915494442 1.45769453049  
0.197100564837 -0.500534832478 1.22656655312  
-0.121875144541 0.152126774192 0.868577837944  
-0.502650916576 -0.3378457129 0.741029202938  
-0.913478255272 -0.488954037428 0.617733001709  
-0.639934778214 0.334014683962 0.455715209246  
0.0489986203611 1.36619317532 0.651830554008  
-0.4155587852 0.878611505032 1.71321868896  
-1.29909801483 -0.321036338806 -0.428528010845  
-1.5497521162 -0.209468796849 -0.341789633036  
-1.16809117794 -0.0990630090237 -0.163147523999  
-0.286308258772 0.4100920856 -0.257622390985  
-1.1220870018 0.814299464226 0.0444834791124  
-1.84061479568 0.756224513054 -0.492415517569  
-1.99459052086 0.641827762127 -0.270667821169  
-1.91215527058 0.0904236286879 0.30179271102  
-1.01875424385 -0.560572624207 0.181095138192  
-1.15537559986 -1.11993026733 -0.147365525365  
-1.99325978756 0.334195911884 -0.119336009026  
-2.34614038467 1.29134333134 -0.000663521757815  
-2.04605054855 0.97468495369 0.0543125383556  
-0.910522639751 0.198117420077 0.422222167253  
-0.950477361679 0.627399802208 0.6036054492  
-1.60633516312 0.788118243217 0.458004713058  
-0.793358623981 1.4886033535 0.494319796562  
-0.468411266804 1.76789748669 -0.23148919642  
-0.522892653942 1.25970697403 0.433505922556  
-1.25664556026 -0.165766268969 0.821637272835  
-1.22237932682 -0.126400128007 1.13595545292  
-1.51093113422 0.544096231461 1.27867746353  
-1.01599609852 1.181022048 1.06303203106  
-0.773241400719 0.218221724033 1.50929439068  
0.225159049034 -0.275096148252 1.29621434212  
-0.0187554936856 -0.181157171726 1.6072756052  
0.146374210715 -1.01506984234 1.13048672676  
0.0361096598208 -1.07248687744 1.68289554119  
0.11626624316 -0.695357680321 1.82729268074  
0.0515636056662 -0.558329820633 1.38034415245  
0.683787703514 -0.258749872446 1.88182032108  
-0.0318905673921 -0.613701760769 2.3048377037  
-0.25616568327 -0.875088989735 1.96452081203  
-0.693918049335 -0.592060625553 1.79470670223  
-1.02679598331 -0.459870368242 0.813689291477  
-0.69381916523 -0.688573181629 0.925668954849  
-0.496621012688 -0.759559810162 1.08184444904  
-0.297258257866 0.116237044334 1.33028912544  
-0.335590660572 0.969225227833 1.65920269489  
-0.0743173360825 1.10242915154 2.17330479622  
0.0313227176666 -0.39917910099 -0.0518107637763  
-1.15087902546 -0.441447407007 -0.2725084126  
-1.68015062809 -0.453825801611 -0.165629431605  
-0.942907333374 0.0278787631541 -0.517808496952  
-1.23011374474 0.257067769766 -0.124624378979  
-1.6810811758 0.733553767204 0.0681218057871  
-1.700781703 0.896020233631 0.237769380212  
-1.27981901169 0.710804343224 0.213360190392  
-1.24578261375 -0.0392439216375 0.887201309204  
-1.02989459038 -1.49004268646 0.119919061661  
-1.71845471859 0.0161199253052 -0.205797344446  
-1.94589447975 1.32293725014 -0.306409031153  
-1.8291258812 1.08795106411 0.278647273779  
-0.589185297489 0.805143535137 0.236818835139  
-1.40116524696 0.585868597031 0.273311465979  
-1.54841506481 0.590393483639 0.510704278946  
-1.36384522915 1.57990932465 -0.0680119097233  
-0.382403373718 1.86126554012 0.0777525007725  
-0.838085353374 1.6369715929 0.998235523701  
-1.29502165318 0.798692166805 1.30517029762  
-0.317947566509 0.619563698769 1.27226781845  
-0.363893300295 1.50895404816 1.37865817547  
-1.36383271217 1.35945606232 1.56000185013  
-1.10189127922 0.918066203594 1.02797317505  
0.0692649483681 0.336419463158 1.04396378994  
0.304463744164 0.662604808807 0.940658867359  
0.512881577015 0.184320181608 1.22582542896  
-0.0622150115669 -0.534483194351 2.18529725075  
-0.0525776185095 -0.436083137989 2.21428179741  
0.356470793486 -0.342060446739 1.76083695889  
0.372109740973 0.00265859602951 1.84751212597  
0.291053384542 0.0372332185507 2.42643690109  
0.0129200192168 -0.269688606262 2.40822958946  
0.0934058129787 -0.623781263828 1.32511937618  
-0.240744873881 -1.10480237007 0.0903936177492  
-0.206293493509 -0.690432071686 1.27594435215  
-0.557671010494 -1.03204226494 1.51700842381  
-0.624160051346 -0.159114196897 1.49610650539  
-0.254069685936 0.42229154706 1.47182440758  
-0.203011021018 0.874176442623 1.76127386093  
-0.371028512716 -0.538042604923 -0.168098852038  
-1.23852825165 -0.485672235489 -0.0214546024799  
-1.95618093014 -0.225694939494 0.0362363271415  
-1.40920317173 -0.289536476135 -0.0698159039021  
-0.959984600544 0.381428569555 0.429163008928  
-1.1513594389 0.644981563091 0.710437715054  
-1.49437046051 1.37203276157 0.66809129715  
-1.53702878952 1.33070659637 0.715281307697  
-1.24278247356 0.328163951635 0.861452102661  
-0.758359611034 -1.96936511993 0.405538380146  
-1.00272166729 -0.127991214395 -0.06335490942  
-0.992496848106 1.33585369587 0.0240821950138  
-1.13658773899 1.21340680122 -0.0569665506482  
-0.140503704548 0.944678664207 0.789209485054  
-0.695233464241 0.555619835854 0.520855545998  
-0.597761869431 0.128509864211 0.611687779427  
-1.01539623737 1.1836258173 0.49060356617  
-0.492122024298 2.24332857132 0.403499215841  
-0.310482233763 2.49673509598 1.24903976917  
-1.22309482098 1.9767178297 1.5573964119  
-0.668368160725 1.49682188034 1.34132051468  
-0.297740697861 1.81757986546 1.53044378757  
-0.589249372482 2.09344053268 1.58037006855  
-0.501754403114 1.71190285683 1.46569991112  
0.198000922799 1.13967084885 0.902571678162  
0.325473964214 1.5751657486 0.516085207462  
0.42223072052 0.663720428944 1.19824433327  
-0.062523201108 0.496986657381 1.81383490562  
-0.23025727272 0.08737821877 1.92494916916  
-0.674628317356 0.46232932806 1.69894325733  
-0.60797393322 -0.0554711669683 1.95046138763  
0.0867414921522 -0.250653326511 2.15528869629  
0.17900569737 0.0305150244385 2.30529046059  
-0.00987811386585 -0.992941021919 1.7312322855  
-0.272058755159 -1.43525934219 1.37130248547  
-0.110810093582 -0.836428582668 1.13668549061  
-0.0814154669642 -0.0537404455245 1.55903792381  
-0.36129167676 -0.0937185063958 1.66846895218  
-0.335698127747 -0.420051604509 1.1057087183  
-0.806067705154 0.425362586975 0.988076686859  
-0.227619275451 -1.13315224648 -0.0533626563847  
-1.04684746265 -0.730647146702 -0.839857399464  
-1.79279220104 -0.592857003212 0.00670605991036  
-1.57686638832 -0.326174110174 0.444886386395  
-1.52381575108 0.508899927139 0.210292086005  
-1.50024342537 0.565524756908 0.597019910812  
-0.963045537472 1.30612123013 0.317647218704  
-1.11400067806 0.809634804726 0.404268145561  
-0.437081128359 0.786468327045 0.800066769123  
-0.633589327335 -0.0983941331506 0.136310636997  
-0.340610146523 0.114458538592 0.319427698851  
-0.301514804363 0.719181597233 0.614198148251  
-0.738614201546 0.820404171944 0.745969712734  
-0.487209945917 0.6287946105 1.01824533939  
-0.70510417223 0.238822847605 0.716153085232  
-0.834118962288 0.38022518158 0.244224980474  
-0.583385288715 1.25647675991 1.04044616222  
-0.935101866722 1.71932601929 1.82614696026  
-0.557600319386 1.76204049587 2.40812754631  
-0.961479306221 1.316883564 2.41550374031  
-0.239604502916 1.30133903027 1.77108871937  
-0.795040369034 1.97776830196 1.62819159031  
-1.06562972069 2.16625785828 1.44752776623  
-0.719612240791 2.61716938019 1.38805031776  
-0.379385143518 2.21065211296 1.32890760899  
-0.24199731648 1.43130028248 1.03137385845  
0.198383539915 1.30515837669 1.29174888134  
-0.658035159111 1.22307372093 1.38034510612  
-0.148325264454 0.132045358419 1.79858028889  
0.245711535215 0.621710836887 2.00528669357  
-0.0768157243729 0.550254940987 2.11508846283  
0.0119084753096 0.0563786439598 1.36321997643  
0.0317932292819 -0.26442566514 1.54641211033  
0.104431889951 -1.09307694435 1.30828678608  
0.107000239193 -0.612197160721 1.57110404968  
-0.321098327637 -0.38319888711 1.02195131779  
-0.319504678249 -0.117180146277 1.15178048611  
-0.33177781105 -0.0397066026926 1.51581513882  
-0.17490683496 -0.131239399314 1.05737090111  
-0.966133952141 0.187004372478 0.760645091534  
0.22908847034 -0.579853713512 0.602061867714  
-0.591209769249 -0.275851517916 0.13574385643  
-1.61139476299 -0.344200462103 -0.542332053185  
-1.76178205013 -0.530679285526 -0.441539734602  
-1.77177417278 0.128277570009 -0.113728888333  
-1.51365697384 0.352095067501 0.0338255055249  
-0.711631178856 0.62170445919 0.114927016199  
-0.816007554531 0.584905743599 0.298848539591  
-0.412701904774 1.02754712105 0.690256953239  
-0.599737942219 0.178947776556 0.57944637537  
-1.12577497959 0.0797402262688 0.765208542347  
-0.429925948381 0.616267859936 1.04718589783  
-0.680345475674 0.845479607582 1.30527722836  
-0.562380492687 0.74954611063 0.816952347755  
-1.09923875332 0.788557350636 0.582777380943  
-0.823873460293 0.8695063591 0.977960109711  
-0.643243551254 1.6450753212 1.31556022167  
-1.06853222847 2.10161304474 1.95710277557  
-0.256774157286 1.17366564274 1.60075175762  
-0.5392973423 1.64398634434 1.17098212242  
-0.630833089352 1.5201061964 0.91244250536  
-0.661054551601 2.31473302841 1.62331724167  
-1.34926867485 2.59879684448 1.49855136871  
-1.10073637962 2.70584630966 1.32671666145  
-1.12881171703 2.74961543083 1.17891490459  
-0.417728424072 1.88060379028 1.30828869343  
-0.220480978489 1.48580265045 1.59894669056  
-1.10592007637 1.28268277645 2.00872826576  
0.222726643085 1.20214319229 1.90027999878  
0.988635420799 1.2462400198 1.73326778412  
0.44690272212 0.695611596107 2.22568368912  
-0.0771712437272 0.234775081277 1.32109797001  
0.0392889194191 0.00753160519525 0.316784977913  
-0.218767791986 0.297306329012 0.396114885807  
-0.451279759407 1.26508963108 1.1547358036  
-0.417854577303 0.618881106377 0.800636470318  
-0.551550924778 0.794190347195 0.0254722125828  
-0.0868857428432 0.664573967457 1.35687279701  
0.0523200854659 0.393143951893 0.899809420109  
-0.692841768265 -0.0110939899459 0.428374052048  
-0.0195776186883 -0.654235482216 0.527964949608  
-0.242121890187 -0.235726892948 -0.616489768028  
-1.14324820042 0.0848347097635 -0.687865197659  
-1.82189261913 -0.561300218105 0.144108489156  
-1.82081973553 -0.59686511755 0.610177397728  
-1.02237975597 0.59182703495 0.123672790825  
-0.889553368092 0.958366274834 0.00912681687623  
-0.45914593339 1.22283864021 0.207359015942  
-0.647721767426 1.08491575718 0.6976801157  
-0.814319074154 0.425534248352 1.25534117222  
-1.23623859882 0.804411053658 1.71582329273  
-1.18575847149 0.168863937259 1.77051484585  
-0.80159932375 0.431531846523 1.59138607979  
-0.912415862083 0.415382087231 1.08092343807  
-1.07670414448 0.737347662449 0.766246199608  
-0.925291478634 0.867745697498 1.30274784565  
-0.99060356617 0.932815313339 1.65876722336  
-0.913375973701 0.970798075199 1.64592242241  
-0.415270924568 1.15099596977 0.67786103487  
-1.1615922451 1.73927891254 0.871039032936  
-1.38072323799 1.82014405727 0.776831507683  
-1.04542779922 2.45353341103 1.30572402477  
-1.19222187996 2.76292514801 1.64401972294  
-0.941472113132 2.56406879425 1.35012936592  
-1.54270935059 2.48795986176 1.48368489742  
-1.08307921886 2.06830120087 1.54883539677  
-0.272346019745 1.52495884895 1.95186209679  
-0.196189656854 1.80827045441 1.69863665104  
0.190144568682 1.46429860592 1.51518166065  
0.804901480675 1.50827336311 1.84141516685  
0.889817774296 1.16797471046 2.53555846214  
-0.0677584782243 0.939330875874 1.8940551281  
-0.0993625894189 0.1070016101 1.07869338989  
-1.09312307835 0.258805423975 1.07401549816  
-0.642668545246 0.909851014614 1.10787642002  
-0.968456149101 0.830233216286 1.01777207851  
-0.878005743027 0.86864566803 0.322384148836  
-0.609672546387 1.22433638573 0.419053584337  
-0.4904332757 1.18525528908 0.392432808876  
-0.701265752316 1.0540292263 0.153841778636  
-0.634426474571 -0.743619322777 -0.0667465701699  
-0.233953863382 -0.218189418316 -0.768969714642  
0.320939302444 -0.380634337664 0.153713330626  
-0.634352087975 -0.819318771362 1.08965480328  
-1.1063798666 -0.529208481312 0.821422636509  
-0.37665656209 0.615341365337 0.284553587437  
-0.10073196888 1.08519923687 -0.0160287600011  
-0.251448571682 1.00526356697 0.945018053055  
-0.46178779006 0.595467865467 1.17116272449  
-0.626021265984 0.932328343391 1.64229643345  
-0.635396718979 0.932488441467 1.91409170628  
-0.711907923222 0.682107567787 2.20251226425  
-0.743821024895 0.475714117289 1.96698224545  
-0.562103331089 0.565932810307 1.21014153957  
-0.699232876301 0.66369831562 0.91694444418  
-1.06470942497 0.511487483978 0.761629521847  
-0.440180838108 1.03221619129 0.953096687794  
-0.26110047102 0.916273474693 1.32341217995  
-0.127457633615 1.66485404968 0.941408753395  
-0.970644176006 1.87183856964 0.459771066904  
-0.618633508682 2.72099399567 0.511937379837  
-1.14579367638 2.35990786552 1.17958831787  
-1.14910757542 2.87527489662 1.41276049614  
-1.26347076893 3.11351442337 1.18427109718  
-1.68366146088 2.46095991135 1.32969796658  
-0.688206970692 2.12004780769 2.12695264816  
-0.105374790728 2.15680456161 2.153683424  
0.0187121089548 1.46622908115 1.73435759544  
0.407698482275 1.90006196499 1.82229709625  
0.654626071453 2.03001213074 2.10001802444  
0.088920161128 1.10883367062 2.53604483604  
0.432191491127 0.784308612347 1.81683599949  
0.218499884009 0.646167397499 0.962620437145  
-0.0336047895253 0.719143986702 1.53548645973  
-0.77764737606 0.853681445122 1.67989623547  
-0.658017635345 0.500182211399 1.25195407867  
-0.711887955666 0.50843834877 0.771764338017  
-0.680614948273 1.79427170753 -0.163860633969  
0.0210803672671 1.10314524174 -0.447409272194  
-0.500289738178 0.411584377289 -0.335513055325  
-1.09124577045 -0.832938611507 0.0959152877331  
-0.344268798828 -0.502479553223 -0.482825905085  
0.332405507565 -0.200928837061 -0.16356344521  
-0.00946881156415 -0.660237014294 0.619033455849  
-0.327604025602 -0.507458031178 0.725558340549  
-0.473443865776 -0.145977422595 -0.409857541323  
-0.0821964666247 0.413221895695 0.695111751556  
-0.468924343586 0.292488545179 1.42626512051  
0.262425363064 0.329500377178 2.07507634163  
-0.236066043377 0.736975610256 2.4062743187  
-1.00670993328 0.486532688141 2.36204791069  
-0.607582867146 0.852039217949 2.35506224632  
-0.704074323177 0.376607954502 2.19056272507  
-0.714431881905 0.926505506039 1.74667620659  
-0.741115868092 0.116624131799 0.693155765533  
-0.72946536541 0.769572973251 0.890088677406  
-0.557812392712 0.933143734932 1.12494289875  
-0.608276546001 1.43475782871 1.23140704632  
-1.00665211678 1.91757845879 0.484158575535  
-1.42984199524 2.21917724609 0.577659547329  
-0.549281597137 3.78621053696 0.939344763756  
-1.04752993584 2.73860168457 1.01179778576  
-0.600915789604 2.33154153824 1.38738834858  
-1.06684803963 2.49091959 1.0862840414  
-0.763886153698 2.39639472961 0.886367917061  
-0.757443189621 1.85711145401 0.841385185719  
-0.741305351257 1.9874509573 1.29378461838  
-0.404506355524 2.20583868027 2.49081778526  
-0.203298211098 1.61828112602 2.24546456337  
0.601547658443 1.38821947575 2.5068526268  
0.440583199263 0.285114884377 2.1129488945  
-0.0978595092893 0.287696242332 2.26521515846  
-0.189178675413 0.519013524055 2.26372146606  
-0.13026638329 1.16503429413 2.31116914749  
-1.51308882236 0.55814409256 1.79945719242  
-1.04460656643 0.363924205303 1.36370062828  
-1.07746934891 0.356512278318 1.86553776264  
-0.156505197287 0.152556806803 1.00997769833  
0.194901272655 0.0658549070358 0.079621963203  
-0.253500819206 -0.16881467402 0.203291669488  
-0.311350286007 -1.47572851181 -0.251029312611  
0.4133220613 -0.55570691824 -0.0288283694535  
0.125166073442 -0.608066618443 0.112231470644  
-0.0732530802488 -0.526467621326 0.907161593437  
-0.0435081608593 -0.342450112104 1.39180243015  
-0.136977151036 -0.509266972542 0.590913653374  
0.069683149457 0.0197359826416 0.916296541691  
-0.502972364426 -0.331501960754 1.66059684753  
-0.218157097697 0.274668216705 1.62611544132  
-0.176079243422 0.534999608994 1.15371215343  
-0.638921558857 0.667052865028 2.02636933327  
-0.559374272823 0.566438674927 1.59369313717  
-0.623861312866 -0.135040447116 1.80232548714  
-0.827632427216 0.523326814175 1.04407906532  
-0.942443490028 0.497194617987 0.13944016397  
-0.48126706481 0.429300993681 0.852142512798  
-0.953767359257 1.19482731819 0.666157305241  
-0.857015311718 1.38454687595 0.589325428009  
-1.00504910946 2.50517892838 0.211887836456  
-1.02185547352 2.16615533829 0.859927773476  
-0.939506649971 2.337651968 1.24337458611  
-0.780948400497 2.03520512581 1.05596911907  
-0.775052964687 1.99443435669 0.925801932812  
-1.05497658253 1.68719506264 1.10781741142  
-0.787735104561 1.92187535763 1.08094167709  
-0.0596571005881 1.82923030853 0.653437077999  
-0.318631589413 1.66849529743 2.14004802704  
-0.742805540562 1.88392269611 2.34839248657  
-0.403883635998 1.69049489498 2.00114059448  
0.673673272133 1.86520767212 2.06794714928  
0.533941149712 0.626112580299 2.10564875603  
-0.754717409611 0.905728518963 2.40396261215  
-0.69396841526 0.611538767815 2.16479825974  
-0.436431288719 0.888430833817 2.44056415558  
-1.40102434158 0.434951424599 1.58561813831  
-1.34270918369 0.527228295803 1.6407353878  
-0.582113444805 0.707829535007 1.54024076462  
0.0473250001669 0.665006816387 0.32744371891  
0.138513192534 0.241466268897 -0.0812254920602  
-0.553400874138 -0.0588188059628 0.324998021126  
-0.0249920729548 -1.3161380291 0.30092138052  
0.600910067558 -1.24698460102 0.462659627199  
-0.60302901268 -0.935211956501 0.50824123621  
-0.509921193123 -1.2394412756 1.05507898331  
-0.597870349884 -1.12243878841 1.17704963684  
-0.0391322933137 -1.12106060982 0.457157373428  
0.0960250198841 -0.586806714535 0.621218204498  
0.169544771314 -0.426342874765 1.60025417805  
-0.18910510838 -0.0396374277771 1.79780256748  
-0.161079511046 -0.107390858233 1.4630177021  
-0.210214778781 0.156440496445 1.92214930058  
-0.143140509725 0.0395250059664 1.98509824276  
-0.28935199976 -0.732286155224 1.67195701599  
-0.434336006641 -0.264241218567 1.21720647812  
-0.293337970972 -0.151384875178 0.573772609234  
-0.76170784235 -0.0364235453308 0.893246233463  
-0.832034051418 0.753158509731 0.572270274162  
-0.737005889416 1.54770100117 1.07408988476  
-1.15899431705 1.98083686829 0.255261957645  
-0.787271678448 1.43282747269 0.822182953358  
-0.344224363565 0.868093371391 1.39047408104  
-0.372403591871 1.44105768204 1.10666286945  
-0.746114075184 1.58533453941 0.694211125374  
-1.50004577637 1.35957431793 1.08568656445  
-1.77517068386 1.68057835102 0.915462195873  
-0.94527900219 2.24669575691 0.644763231277  
-0.675920963287 2.28543400764 2.01709890366  
-1.33293688297 1.90668737888 2.1463932991  
-0.263076156378 1.40310835838 1.64634859562  
1.58517730236 1.41038775444 1.99220192432  
1.20444381237 0.922053873539 1.70200777054  
-0.285699099302 0.722172260284 1.70335173607  
-0.647812902927 1.2763928175 1.77243173122  
-1.10058927536 1.39951062202 1.95482766628  
-1.20587551594 0.515700221062 0.595991671085  
-1.45532178879 0.884028375149 1.35779547691  
-0.55738735199 0.621892094612 1.56625938416  
0.0112071186304 1.34015274048 0.956416666508  
-0.591735899448 0.932659745216 0.876267910004  
-0.742570519447 0.164680108428 0.953058481216  
0.227204352617 -0.875056326389 0.431852698326  
0.241264045238 -1.16029644012 0.648993253708  
0.228686690331 -1.22927320004 0.790185749531  
-0.371105134487 -1.49416768551 0.851741373539  
0.397513002157 -1.76750850677 1.0906496048  
-0.0349989756942 -0.618912875652 0.690605163574  
-0.500290632248 -0.114535734057 0.934527873993  
-0.67041182518 0.350547283888 1.1083817482  
-0.460009008646 0.0642901137471 1.24793541431  
-0.316506415606 -0.514397263527 1.44289028645  
0.26205265522 0.174462527037 1.38383042812  
-0.26599702239 -0.128256469965 1.36899244785  
-0.461253285408 -0.615025043488 1.61405801773  
-0.208520814776 -0.864592730999 1.28484106064  
-0.485720038414 -0.743725478649 1.3297317028  
-1.01724207401 -0.292254775763 1.15611362457  
-1.31594109535 0.569246411324 0.447790503502  
-0.821314394474 2.33832406998 0.858110666275  
-0.56184720993 1.87191390991 1.1772660017  
-1.13614237309 2.2591779232 1.15915429592  
-0.76820653677 2.06235527992 1.62774646282  
-0.482778608799 2.12924456596 1.03336107731  
-0.454220145941 1.38092064857 0.460757702589  
-0.852996528149 1.54916763306 0.511967241764  
-1.48787152767 1.52378106117 0.684565424919  
-0.8334877491 2.40868282318 1.02127015591  
-1.25309801102 1.97939682007 1.74177217484  
-1.12073111534 1.81934928894 1.4893373251  
-1.08588528633 1.25461554527 0.703630983829  
-1.02173876762 1.5336420536 1.12878680229  
-0.104729548097 1.07134246826 1.3043705225  
-0.770141065121 0.171710267663 0.728108763695  
-0.804573833942 0.830599248409 1.62133336067  
-0.935712695122 0.969754040241 1.45085287094  
-0.556243956089 0.732122898102 1.00296831131  
-1.37756848335 0.512522101402 1.77739691734  
-1.52488648891 0.526670575142 1.75556898117  
-0.83812212944 0.746608436108 0.964809596539  
-1.57294380665 0.970195531845 1.27868640423  
-0.981820166111 1.58039832115 0.678077995777  
0.584238290787 -1.15939235687 0.343446552753  
0.400288671255 -0.967627286911 0.953935265541  
-0.0873658880591 -1.75806033611 0.679499030113  
-0.0235218461603 -1.9709404707 0.73075991869  
0.601958453655 -1.99581646919 0.690998733044  
0.0764674395323 -1.07947063446 0.89002007246  
0.160657092929 -0.799913585186 1.22144925594  
-0.533186912537 0.774432361126 0.533048927784  
-0.0701349824667 0.409746319056 0.65822249651  
0.00327760959044 -0.361015200615 1.78105914593  
0.51870316267 -1.19782721996 1.2009922266  
-0.079066619277 -0.999710679054 0.644472420216  
-0.822071433067 -0.870852172375 1.23180878162  
-0.289747387171 -0.523143470287 1.52456331253  
-0.580660462379 -0.071150302887 1.43586885929  
-0.594605386257 0.502565562725 0.919531047344  
-1.07433402538 0.283011198044 0.28647300601  
-0.231485322118 1.05539059639 0.234861969948  
0.0201221257448 1.53106510639 0.891322910786  
-0.363254874945 1.74814856052 1.59513914585  
-0.235186040401 1.47891914845 2.44413304329  
-0.816787362099 1.98260438442 2.13565897942  
-0.752559840679 1.66371583939 0.8441208601  
-0.758450686932 1.24007606506 1.13829898834  
-0.76330602169 1.30204701424 0.987122237682  
-0.333290845156 1.75858950615 0.844074726105  
-0.672277808189 1.36164319515 1.94074654579  
-0.52591496706 1.17460143566 1.41047525406  
-1.22038090229 0.20480056107 0.802245914936  
-2.19566631317 1.27610659599 0.397398680449  
-1.5392510891 1.13011062145 1.18090009689  
-1.15099751949 1.17154884338 0.500347018242  
-1.47516787052 1.49017810822 1.28601014614  
-1.54275453091 0.709416091442 0.698981463909  
-1.09309363365 0.574612259865 1.14031815529  
-1.65165007114 0.603637754917 1.98706483841  
-1.70786988735 0.30143725872 1.2586401701  
-1.17297613621 0.677025914192 0.754470944405  
-0.891768813133 0.848834574223 0.54157525301  
-0.974481582642 1.43602573872 0.610113799572  
0.719486296177 -0.962420344353 0.350039362907  
0.748038232327 -0.991092264652 0.409156531096  
-0.113473333418 -1.46662271023 -0.197284758091  
-0.366714149714 -1.83085310459 0.366066128016  
0.321737796068 -1.40766465664 0.66010415554  
1.42317557335 -1.17915391922 0.561152219772  
0.951154887676 -0.416136592627 0.71364814043  
-0.186141371727 0.556337475777 0.371865600348  
-0.129334613681 0.306205749512 0.832829296589  
0.098339676857 0.172090709209 1.34774518013  
0.219885602593 -0.921948671341 1.71410834789  
0.57640838623 -0.945972084999 0.517780184746  
-0.645780324936 -0.630141854286 0.441106885672  
-0.597957253456 -0.243529930711 0.925868630409  
-0.766886174679 0.326621681452 1.41659617424  
-0.83005219698 0.782370746136 1.42358219624  
-1.24433374405 0.373409539461 0.279799103737  
-0.57355350256 0.835822701454 0.29137685895  
-0.0703950077295 1.09503364563 1.01641583443  
-0.347562521696 1.47680497169 1.86321985722  
-0.757161915302 1.46633267403 2.62769603729  
-0.616975128651 1.15409636497 2.70699334145  
-0.736802518368 1.04888188839 2.22069430351  
-0.378072142601 0.777695715427 2.42662811279  
0.0120077654719 1.47871959209 2.70953345299  
-0.538445472717 1.30309069157 1.49840712547  
-0.495853334665 0.883994460106 2.18397927284  
-0.598689317703 0.539659678936 1.65729916096  
-1.90193843842 -0.0404934771359 0.994763195515  
-2.08306264877 0.381803780794 0.901418268681  
-1.49637007713 0.590979993343 2.36633563042  
-1.57534837723 0.768302977085 1.58736848831  
-1.8781516552 1.27309548855 1.43740046024  
-1.67282676697 0.706432700157 1.20346140862  
-1.86919665337 0.37711417675 0.831890821457  
-1.40865695477 0.620704889297 1.57640826702  
-1.00143706799 0.355545341969 0.97590303421  
-1.28563284874 0.260909497738 1.11630547047  
-1.45651400089 0.95039910078 0.778617739677  
-1.00539469719 1.27724385262 0.994310796261  
0.731585681438 -0.896439731121 0.874438107014  
0.374787867069 -0.088253878057 0.0428423136473  
-0.364334374666 -1.03141283989 0.389324128628  
-0.453503131866 -1.34688723087 0.836346447468  
0.498580694199 -1.3816422224 1.27878558636  
0.357430964708 -1.02238178253 0.677381277084  
0.333064198494 -0.435436666012 0.433039933443  
-0.0730354115367 -0.164847701788 0.491685390472  
0.0342721380293 0.593275129795 0.991523504257  
-0.198729142547 0.453186780214 0.815878033638  
0.0316924341023 -0.349407970905 1.09556698799  
0.0781605765224 -0.16538412869 0.861610949039  
-0.861532688141 0.292822927237 0.459631323814  
-1.08315682411 0.595611274242 0.739987492561  
-0.349937915802 1.05479872227 1.14577412605  
-0.336731761694 1.62980806828 0.654147565365  
-0.367087244987 0.69746273756 0.0170166101307  
0.17714945972 0.779677450657 0.928375959396  
0.112796872854 1.06673884392 2.28337359428  
-0.889094352722 1.14690637589 2.07953333855  
-1.09062421322 0.343543380499 2.51836705208  
-0.804824471474 1.13883149624 2.43642234802  
-0.278826326132 1.2137093544 1.87772274017  
0.841073989868 0.892693281174 2.66628217697  
0.166159808636 1.00018906593 2.41324329376  
-0.354858338833 0.838215470314 2.20658802986  
-1.49817955494 1.07065820694 2.44314146042  
-1.37439620495 0.543407082558 2.28056573868  
-2.39806771278 0.112475901842 1.59074497223  
-1.92791521549 -0.173502385616 1.38904106617  
-1.81168115139 0.730539441109 1.94476509094  
-2.10789895058 1.21761929989 1.8557715416  
-2.61064124107 1.34386324883 1.31130695343  
-1.27141177654 1.03098607063 1.39607083797  
-1.31883323193 0.141114488244 1.48369681835  
-1.32571816444 0.198009207845 1.36371362209  
-1.46601462364 0.381014287472 0.602078557014  
-2.07196235657 0.930519759655 0.634893000126  
-1.81992805004 1.05683243275 1.02944862843  
-1.49014413357 1.53713619709 0.739056050777  
0.0527291074395 -0.99027377367 0.624941408634  
-0.00737983686849 0.0752869546413 0.632614433765  
-0.114388346672 -0.928103506565 0.64394390583  
0.159135892987 -1.20538938046 1.01076817513  
0.145263493061 -1.20309138298 1.20705771446  
0.266757518053 -1.2844055891 0.939390420914  
0.0743414759636 -0.601330220699 0.780956149101  
-0.243846565485 -0.815777003765 0.422006100416  
-0.0311232600361 0.305276453495 0.154470860958  
0.160109192133 0.0629481673241 0.584695219994  
-0.116023473442 0.40288412571 1.19294035435  
-0.247046649456 0.165380775928 1.22352993488  
-0.633130729198 0.300919353962 1.05503535271  
-0.786590158939 1.27869701385 0.780392706394  
-0.0809249207377 1.92760908604 2.04495549202  
0.0882059186697 1.12511384487 1.00915336609  
-0.0838082656264 0.708864212036 1.13117957115  
-0.0223751012236 1.32639491558 1.12565147877  
0.0120201800019 1.75736987591 2.38824939728  
-0.884979903698 1.28999578953 1.89633500576  
-1.46855866909 0.590149044991 1.90225040913  
-0.922373116016 1.16433990002 2.23114681244  
-0.157086268067 1.26687216759 2.53355693817  
-0.145492553711 0.87992399931 2.28650307655  
-0.538271486759 1.04375982285 2.449883461  
-1.06274724007 0.501611590385 1.69990408421  
-2.62025046349 1.04077124596 2.21417593956  
-1.9336616993 0.392169207335 1.88853251934  
-1.89730894566 -0.0096425767988 1.30021560192  
-1.0158611536 0.570019245148 0.923248767853  
-2.03754854202 0.278896927834 1.66735827923  
-2.11354589462 1.07523047924 2.20818448067  
-2.82999944687 0.758934319019 0.949717462063  
-1.73655724525 0.888643860817 1.22751951218  
-0.56750279665 0.430020481348 1.14795863628  
-1.14821946621 0.554339408875 0.807256281376  
-1.66039943695 0.870280146599 0.676116228104  
-1.89052093029 1.30527091026 0.808110833168  
-1.30497443676 0.799383342266 0.851463317871  
-1.01235938072 1.24987649918 0.718147337437  
-0.427169829607 -0.872790277004 0.0855540558696  
-0.181615173817 -0.576518177986 0.14045034349  
-0.114668950438 -0.840262055397 0.0442512556911  
0.215204015374 -1.14970362186 0.376074463129  
0.293556571007 -0.77815926075 0.802910685539  
0.45943108201 -0.699493825436 0.464793145657  
0.348098129034 -0.749729275703 0.453760832548  
-0.413827359676 -0.342047929764 0.7679926157  
0.151441752911 0.0822525024414 0.470751553774  
0.311292946339 0.225062131882 0.669474184513  
0.1516199857 0.590684294701 0.783280909061  
-0.0471418090165 0.331314921379 1.14058303833  
-0.615740597248 1.13756299019 1.37709450722  
-0.51851272583 1.48393571377 1.58690583706  
-0.158793494105 2.16866397858 2.031437397  
0.485592544079 0.908701241016 1.68654692173  
-0.0550762601197 0.821229338646 2.34391713142  
-0.283929973841 1.05031168461 2.04621505737  
-0.375787198544 1.70324337482 2.49959516525  
-0.192668497562 1.59719896317 1.97269141674  
-0.49615624547 0.662799477577 1.86220312119  
-0.53733921051 0.797821164131 2.29083633423  
-1.04997038841 1.3981398344 2.45820569992  
-1.64503455162 0.862535655499 2.56525993347  
-0.30566611886 0.773738563061 2.23721575737  
0.190643683076 0.136863902211 1.79708707333  
-0.980535984039 0.476752102375 2.43908953667  
-2.09847354889 0.634149074554 1.84211397171  
-1.97925567627 0.318551063538 0.900407493114  
-1.24844825268 0.269870430231 0.912560462952  
-1.29866683483 0.765443086624 1.4318073988  
-2.25779700279 0.987082540989 2.30238890648  
-2.57040715218 0.944107234478 1.34059786797  
-1.33390414715 0.657520651817 0.547719240189  
-0.954879760742 0.634999990463 0.870047688484  
0.0992948934436 0.758912563324 0.774181723595  
-0.629730224609 1.15574634075 0.727918028831  
-0.952819883823 0.668805897236 0.536271989346  
-0.299123436213 0.574052393436 0.838486492634  
-0.274798423052 0.622599542141 -0.238870158792  
-0.0313288979232 -0.607204020023 0.253962516785  
-0.141475245357 -0.781191825867 0.0913501828909  
0.0609521828592 -0.512011826038 0.47353976965  
-0.105620652437 -0.819292783737 0.436207234859  
0.0148416114971 -0.756405055523 0.331085473299  
0.520173072815 -0.696318864822 0.289031773806  
0.212610170245 -0.533024072647 0.578021943569  
0.0837480798364 -0.718140542507 0.753328204155  
0.250112116337 0.441326320171 0.752958834171  
-0.0310935229063 0.89691734314 0.681091845036  
0.356303483248 0.643578648567 0.864819943905  
-0.490216135979 0.791245222092 0.9791046381  
-0.669907510281 1.34767973423 1.21923696995  
-0.780567586422 1.74326634407 1.18927681446  
0.158785939217 1.98418784142 1.7350884676  
0.510863602161 1.28981482983 1.92043232918  
0.0390840992332 0.787863731384 2.35417532921  
-0.0924173668027 0.407535940409 3.04729270935  
0.0950728878379 1.04944849014 3.04238891602  
0.591916382313 1.18523645401 1.53317737579  
0.0875051394105 0.82913005352 1.50060975552  
-0.685794949532 0.928034007549 1.46186816692  
-1.0272744894 1.15105736256 1.76933407784  
-1.17485308647 0.799111008644 1.63621520996  
0.434129357338 0.312776714563 2.4616920948  
1.74268841743 -0.167265981436 2.42585325241  
0.719331145287 0.884147107601 3.00230073929  
-0.897545456886 0.98810005188 2.02715587616  
-1.87115848064 0.471873313189 1.23839354515  
-1.55563807487 0.674366354942 0.7627415061  
-1.42940831184 0.473343193531 1.26813697815  
-2.11120963097 0.573803961277 0.911051928997  
-2.72040700912 1.25255632401 1.18801128864  
-2.15988516808 0.550619721413 0.923934042454  
-1.22895956039 0.128819674253 0.661033928394  
-0.635648488998 0.560099124908 0.180586263537  
-0.420317202806 0.275966346264 0.314112275839  
-0.248426496983 0.0874290466309 0.389757364988  
0.127994060516 0.610942780972 0.837042450905  
-0.390150666237 0.108192265034 0.168034747243  
0.566526949406 -0.836780190468 -0.709881007671  
0.647051095963 -0.823980748653 0.392925024033  
0.00391344865784 0.439330637455 0.510533750057  
0.0430560410023 0.258036673069 0.452207386494  
0.308567404747 -0.0920428112149 0.70030516386  
0.0299976188689 -0.407920837402 0.329289346933  
0.177672430873 -0.774686276913 0.182339429855  
0.296547710896 -0.444558382034 0.488759726286  
0.505617678165 0.122230544686 0.812711060047  
-0.119423858821 0.917094409466 1.25942742825  
0.0077604688704 0.882020711899 1.58764386177  
0.294846326113 0.560974240303 1.33101546764  
-0.276754707098 1.6563642025 1.44019317627  
-0.169990256429 2.66291999817 1.21990609169  
-0.0467314869165 1.40140068531 1.51525568962  
0.570035219193 1.03147411346 1.56177532673  
0.482022315264 0.740098297596 2.29402256012  
0.256580501795 0.88171684742 3.71548509598  
0.216366022825 1.25648105145 3.09599924088  
0.103771992028 1.50831401348 2.16488337517  
-0.464893370867 0.785729527473 1.9069634676  
-0.69648450613 0.819643318653 1.72182917595  
-0.973380327225 1.08639156818 1.93523514271  
-1.01877725124 0.239689767361 1.47503137589  
-0.720065236092 0.154216974974 2.0195980072  
-0.383464425802 -0.0426129959524 2.40405297279  
-0.32585439086 0.71136623621 1.75289046764  
-0.467660158873 0.769307613373 0.594472587109  
-1.63074755669 0.650450646877 0.495436370373  
-1.17851054668 0.640439450741 0.734542965889  
-1.24342429638 0.903079628944 1.41118609905  
-2.24108242989 0.659465074539 1.42017161846  
-2.72872638702 0.182550027966 0.690717697144  
-1.96119475365 -0.128899440169 -0.108815684915  
-1.00350880623 -0.075926579535 0.515013933182  
-1.60389244556 0.432752162218 0.659923315048  
-0.965060770512 0.582495450974 0.303508728743  
-0.404385328293 0.25190359354 0.109870530665  
-0.345843404531 0.510945081711 -0.0286730602384  
-0.927303850651 -0.0633262619376 0.263866275549  
0.877822935581 -1.12410640717 -1.68745934963  
0.776649236679 -0.195829719305 -0.32059904933  
0.119036197662 0.445813596249 0.597731173038  
-0.0578472837806 0.620045423508 0.00104651914444  
-0.827447891235 0.0952747911215 0.194260060787  
-0.333166837692 -0.256468296051 0.344151675701  
0.0152845447883 -0.0924305468798 0.457060545683  
0.171313002706 -0.0743838325143 0.243232682347  
-0.349094748497 -0.303636819124 1.10546422005  
-0.603645980358 0.197713002563 1.25514602661  
-0.0546577088535 0.464857697487 1.4172924757  
-0.515319824219 1.06604492664 1.12298989296  
-0.238187521696 1.21026217937 0.816592276096  
0.169606477022 2.1973528862 1.13982117176  
0.483464539051 1.48906373978 0.811174333096  
0.297317653894 0.222744047642 1.43675518036  
-0.41250950098 -0.258936345577 2.52534151077  
-0.262961477041 0.224977225065 2.52823066711  
-0.85183930397 0.97603392601 2.57559585571  
-0.0270415619016 1.28747737408 1.62422895432  
-0.242009207606 0.925332903862 1.56570386887  
-0.689054369926 1.06557524204 2.00997638702  
-1.15303897858 0.377904415131 1.19776988029  
-1.35221171379 -0.0159190874547 0.748686552048  
-0.783901631832 0.185500249267 1.37590157986  
-0.921962678432 0.360289633274 2.31749129295  
-0.995344519615 0.698510110378 1.24746465683  
-1.47797560692 0.599813640118 0.671655058861  
-1.37339055538 0.29790854454 0.586973726749  
-1.52327060699 0.0389443002641 1.18057644367  
-1.44385015965 0.576485455036 1.5345518589  
-1.69975209236 0.891158521175 2.11224102974  
-1.71198165417 0.0780622437596 1.53787374496  
-1.30683398247 -0.357137262821 0.389191180468  
-1.07245850563 -0.13808311522 -0.207142204046  
-2.09227967262 0.189165323973 0.581299066544  
-1.28147554398 0.33822068572 0.0670509785414  
-0.90609139204 0.136945098639 0.293544501066  
-1.25614356995 0.415884226561 -0.0465257130563  
-1.9572070837 0.0845340192318 0.0449552573264  
0.446045875549 -0.811674118042 -1.22033452988  
0.407395303249 -0.165229722857 0.0333730690181  
0.0720872282982 -0.0160281006247 0.246894955635  
-0.133639797568 0.872466444969 0.263860225677  
-0.661413431168 0.378457814455 0.382723420858  
-0.541984140873 0.235953494906 0.352483272552  
-0.195552095771 -0.172392338514 0.189027786255  
-0.347466051579 -0.178328022361 0.772620618343  
-0.378648996353 -0.157785356045 0.77619767189  
-0.221279993653 0.370160460472 0.966132223606  
-0.176441267133 0.822488665581 0.692081511021  
-0.776103079319 1.49732792377 1.08580970764  
-0.370720982552 1.33599877357 1.23306405544  
0.121379248798 1.21003389359 0.618997752666  
0.179490789771 0.800963938236 0.889527499676  
0.307055950165 0.375967621803 1.45699441433  
-0.811948239803 0.493433862925 1.29298985004  
-1.14057326317 0.443398237228 0.916848659515  
-0.560472548008 0.858970880508 0.753367245197  
0.133209511638 0.576761126518 1.27756524086  
-0.214366972446 0.772205352783 1.53356277943  
-0.673579990864 0.608188688755 1.57443678379  
-1.12561249733 0.249225214124 0.856723189354  
-0.765748143196 0.397847861052 0.907540917397  
-1.13246619701 0.283002197742 1.31467866898  
-1.1353687048 0.775715589523 2.28166675568  
-0.954917967319 0.454452931881 2.07042908669  
-1.39144349098 0.187168419361 1.2831056118  
-1.39798808098 -0.065896525979 1.09182524681  
-1.23325049877 -0.116387277842 1.71633219719  
-1.80216348171 0.36981138587 1.82795751095  
-1.29652297497 0.97919690609 1.99909770489  
-1.66162908077 0.326210439205 1.44152033329  
-1.43354988098 -0.0733621641994 0.898968875408  
-1.07507061958 -0.326617926359 0.431822270155  
-1.78869330883 -0.0357784815133 0.439715117216  
-1.81081688404 0.359366506338 0.313162147999  
-1.25308740139 0.51368033886 -0.0613192021847  
-1.23234450817 0.276540070772 0.397641837597  
-1.42043316364 0.162098929286 0.0796419680119  
