1.01313734055 -0.851060926914 0.517582952976  
1.44572889805 0.122618928552 0.357586473227  
1.4862216711 1.23553335667 1.49635493755  
0.981104075909 0.687270402908 1.12034678459  
1.30108141899 0.189997807145 0.942884624004  
2.00606036186 0.256340920925 0.696373939514  
2.2179749012 0.570107638836 0.697206735611  
1.74776268005 1.38816225529 0.27602443099  
1.476547122 1.42378032207 -0.509483039379  
1.1755644083 0.7754316926 1.2005764246  
0.81669062376 0.166677474976 2.02133274078  
0.610091149807 0.0652074888349 1.34141945839  
0.27960139513 -0.41890540719 0.0580219216645  
0.159382253885 -0.345467150211 -0.370724201202  
0.312088876963 -0.472862273455 0.390144467354  
0.519568145275 -0.328267157078 1.31326651573  
0.494194954634 -0.0284456219524 1.54882478714  
0.185388609767 0.712129294872 2.18716788292  
0.934842944145 0.587823033333 1.26214373112  
0.812336266041 0.701285600662 0.0837774053216  
0.0885853469372 0.0706997588277 -0.327484160662  
-0.554446399212 0.122904330492 -0.104949250817  
-0.402079641819 0.0106031009927 0.0181160308421  
-0.116722553968 -0.111534580588 -0.058246139437  
-0.620430886745 0.155611500144 -0.371625810862  
-0.114926293492 0.137825831771 -0.0523192249238  
-1.05203092098 1.0168479681 0.367753624916  
-1.04388785362 0.879616677761 0.400761812925  
-1.10158288479 0.706487119198 -0.492668241262  
-0.248284742236 0.824410378933 -0.170594140887  
0.10144456476 0.375515162945 -0.306862145662  
-0.385129272938 1.00148665905 -0.538366675377  
-1.08801674843 0.394718080759 -0.613371253014  
-1.24836814404 0.172386392951 -1.06327152252  
-0.505776762962 0.363296151161 -1.07250952721  
-0.0563495792449 0.487152278423 -0.636162102222  
-0.0412022918463 -0.00661902362481 -0.197375461459  
-0.537504553795 0.214801982045 -0.0321806631982  
-0.0489578917623 0.219238013029 -0.297157019377  
0.47032481432 0.314789682627 -0.421428024769  
1.13762974739 -0.41728413105 -0.0144911063835  
1.18924498558 0.469215035439 0.716621816158  
0.808822035789 1.17987012863 1.27841567993  
0.431791365147 0.921343028545 0.814230978489  
1.21575272083 0.603809714317 0.743091285229  
1.77748453617 1.07902944088 0.391832739115  
1.65623891354 1.24937713146 0.767559409142  
1.55205237865 0.680603265762 0.313673079014  
1.17673170567 1.30856049061 0.0839298591018  
1.13180363178 0.898859620094 1.47666847706  
1.10891294479 0.359663337469 1.85074019432  
0.536094844341 0.614515244961 1.00437629223  
0.271473675966 0.161600232124 -0.313906520605  
-0.227267324924 -0.102081410587 -0.0311821773648  
-0.388864427805 0.148345217109 0.221840769053  
0.454929530621 0.0295701101422 1.50914108753  
0.607602238655 -0.125261455774 1.38937199116  
-0.0389489308 0.348240554333 1.32562029362  
0.556220948696 -0.0313709527254 -0.319814682007  
0.581753075123 0.298627078533 -0.406624674797  
0.442381441593 0.153213724494 -0.272796034813  
-0.130278632045 -0.505352437496 -0.195971414447  
0.679185092449 -0.254296898842 -0.0214070230722  
0.335850298405 0.334966182709 0.165378287435  
0.02616433613 0.295288562775 -0.205193698406  
-0.0470529869199 -0.406772702932 -0.183664247394  
-0.660466492176 0.890915632248 -0.336171030998  
-1.23134994507 0.500067174435 -0.255221754313  
-1.10349166393 0.0596935339272 -0.565692067146  
-0.636869966984 0.667869389057 0.119528673589  
-0.322889477015 0.864791572094 -0.60030913353  
-1.01888155937 0.959113836288 -0.476422011852  
-1.44314324856 0.760933220387 -0.872204840183  
-1.44109165668 0.769465982914 -1.33588862419  
-0.376592546701 0.620517075062 -0.740473628044  
-0.222725659609 0.152120873332 -0.335628658533  
-0.0158002395183 0.04169042781 -0.658906459808  
0.0290550105274 0.481300145388 -0.720194756985  
-0.231124147773 0.294935941696 -0.506080389023  
0.272867530584 -0.126188352704 -0.788155972958  
1.29961228371 -0.217810109258 0.0949557721615  
0.989600658417 -0.06019057706 1.00974738598  
1.03608417511 0.648021996021 1.01441061497  
0.966315567493 0.812192499638 0.771136343479  
1.19322609901 0.774913549423 0.621825516224  
1.13462817669 0.985414803028 0.855051875114  
0.858225643635 0.914113223553 1.04438591003  
0.871790885925 0.957801401615 1.11089849472  
0.825652360916 2.05314922333 1.67914569378  
1.78484070301 1.48444736004 1.71557271481  
0.974599480629 0.705370485783 1.11053776741  
1.0738786459 0.706796348095 0.573497056961  
0.690387427807 0.464918732643 -0.381082415581  
-0.0234090704471 0.224497705698 0.301394075155  
-0.528697431087 0.635739862919 -0.0595702305436  
0.29943677783 -0.427933573723 0.924355566502  
0.568933963776 -0.62671738863 0.651892185211  
0.295720994473 -0.174891993403 0.413852661848  
0.499515295029 0.101613081992 0.643637597561  
1.24013698101 -0.099874638021 0.283313333988  
1.4231981039 -0.0879700258374 -0.241560980678  
0.562770366669 -0.0148216616362 0.501928448677  
0.261700153351 0.260540246964 0.639667034149  
1.2289608717 0.599681794643 -0.0188401192427  
0.767578125 0.322064161301 0.248623773456  
0.2961769104 0.00370667409152 -0.30588260293  
0.00166667683516 0.634120762348 -0.320904433727  
-1.27558815479 0.887403488159 0.14142601192  
-1.46848607063 0.401639610529 -0.176851570606  
-0.670175373554 0.605038881302 -0.350229501724  
0.150227054954 0.717339217663 -0.758961856365  
-1.3015871048 1.09034347534 -0.874809503555  
-1.36931312084 0.891940534115 -1.03918516636  
-0.55980181694 0.493808150291 -0.984092950821  
-0.573921740055 0.508627712727 -0.941837728024  
-0.826961159706 0.152095228434 -0.0105486959219  
0.131141483784 0.281130552292 -0.408841073513  
0.261999607086 0.122925423086 0.0292745959014  
-0.403294503689 0.367446213961 -0.429804593325  
-0.118973076344 0.0682503134012 -0.399977713823  
0.801535308361 0.697144329548 1.12210762501  
1.08489704132 -0.0044236946851 1.06340801716  
1.34907257557 0.536967217922 1.20701670647  
0.831621289253 0.83182156086 0.831601977348  
0.863045454025 0.862931728363 0.862743377686  
0.841739714146 0.842000544071 0.841833531857  
0.949610114098 0.888220012188 0.452249854803  
0.975923717022 1.33704328537 1.40125155449  
1.28617036343 1.60142338276 2.05734848976  
1.87287223339 1.56635630131 1.55707406998  
1.42343902588 1.23568618298 0.358151197433  
1.42150807381 0.945105373859 0.127403378487  
1.23199498653 0.798899590969 0.0812268182635  
0.760267198086 0.414337784052 0.36693623662  
0.505451798439 0.445503532887 -0.0191993899643  
0.568755686283 0.0606408715248 0.27526819706  
0.346599698067 -0.459073901176 0.878075122833  
0.144882962108 -0.0462319813669 0.504204034805  
0.527594029903 0.115234851837 0.92969417572  
1.26160681248 0.333464950323 0.667368113995  
0.909975528717 0.0338036045432 0.402205646038  
0.723422408104 0.23619414866 0.201165705919  
0.302815467119 0.664663493633 -0.047363769263  
0.832701742649 0.518186092377 -0.284379422665  
1.21463108063 0.947207272053 0.027944881469  
0.875717282295 0.650518894196 0.413097262383  
0.25967669487 0.959781169891 0.446371614933  
-0.897766053677 1.01899349689 -0.117304325104  
-1.16762340069 0.0503598861396 0.199358448386  
-0.645947277546 0.488215684891 -0.213067784905  
-0.77044314146 0.328533649445 -0.469314843416  
-0.609870135784 0.538000762463 -0.252972334623  
-0.628105163574 1.053124547 -0.224678978324  
-0.604463636875 0.184021383524 -0.885958492756  
-0.244785681367 0.532902598381 -0.598722994328  
0.00290187308565 0.709993124008 -0.15587233007  
0.268196642399 0.434999555349 -0.395270973444  
0.99035847187 0.154355794191 -0.429851323366  
0.317614495754 0.23708717525 -0.0284444354475  
0.154821291566 0.620656311512 -0.0309933312237  
1.07660031319 0.636815130711 1.65714812279  
1.00174045563 0.381628841162 1.12556433678  
1.45483422279 0.491086006165 0.851342499256  
0.830513834953 0.830616831779 0.830541551113  
0.870815038681 0.870814323425 0.870807468891  
0.8624522686 0.862666964531 0.862414419651  
1.30001032352 1.45117092133 1.13486731052  
1.49683940411 1.45041775703 1.55386567116  
1.14102554321 1.60319721699 1.7585837841  
1.69409346581 0.877264738083 1.02371239662  
1.46844601631 0.675634503365 0.702248096466  
1.57560944557 0.293025314808 -0.0484617240727  
1.51586699486 0.386075884104 0.398926883936  
1.16085040569 0.43546205759 0.447445422411  
0.88482272625 -0.186158180237 0.504744231701  
0.437148034573 0.00905526801944 0.678944647312  
0.519587099552 -0.314521402121 1.03289926052  
0.906022667885 0.198393404484 1.02890837193  
1.01900708675 0.586396276951 0.993717074394  
0.948248505592 0.90111219883 1.06680190563  
0.700828015804 0.17223764956 0.484810352325  
0.577137410641 0.40827858448 0.419568270445  
0.0763201117516 0.790350198746 -0.499074876308  
0.949162423611 1.06822240353 -0.788448810577  
1.4096518755 1.16926300526 0.0748559907079  
1.01698565483 1.09479165077 0.0484991557896  
0.172638177872 1.3644772768 0.453508198261  
-0.214031711221 0.829569935799 0.0183489620686  
-1.11125659943 0.336258322001 0.161238327622  
-0.566766262054 0.681056797504 -0.39529338479  
-0.859302163124 0.663134515285 -0.471133381128  
-0.880467236042 1.24196505547 -0.423083752394  
-0.278400719166 0.871717333794 -0.299998760223  
-0.560159862041 0.598641097546 -0.832382142544  
-0.847224712372 0.469778776169 -0.277544796467  
0.0698551163077 0.322546601295 -0.424609363079  
0.38215765357 -0.276474177837 -1.06553125381  
0.488397717476 0.240137338638 -1.11785924435  
0.325472444296 0.186486855149 -0.57616341114  
0.18362864852 0.722300052643 -0.311925143003  
0.186877280474 0.421203196049 0.868384301662  
0.52100610733 0.612199425697 0.478214263916  
0.675118625164 0.990763962269 0.415581017733  
0.830773711205 0.830789625645 0.830756008625  
0.869563639164 0.869808256626 0.869621992111  
0.881092369556 0.881101548672 0.881021201611  
1.03745365143 1.31808531284 1.64125001431  
1.2646125555 1.78499770164 1.22860682011  
2.07791590691 1.12972354889 1.4835318327  
1.92126691341 0.259908169508 1.14506244659  
1.60975944996 0.481647133827 0.257886826992  
1.65228140354 0.512205183506 -0.340283095837  
1.01785933971 0.868095517159 -0.576998591423  
1.27786171436 0.691642284393 0.627703726292  
0.937016189098 0.859799623489 1.23947405815  
0.536764383316 -0.203180253506 0.624897658825  
0.771482646465 -0.417410105467 0.667072176933  
0.918077945709 -0.100499749184 1.94978582859  
1.03369808197 0.708707511425 1.50541460514  
0.993653953075 0.315160244703 1.05803275108  
0.559139251709 0.327795177698 1.1709651947  
0.677295863628 0.482335656881 1.62669038773  
0.987360179424 0.592170655727 0.697436690331  
0.52061611414 0.845082044601 -0.326483786106  
1.19854664803 1.01664233208 -0.595724284649  
0.909502804279 1.05225849152 -0.0870132520795  
0.995545983315 0.854574799538 0.178811118007  
0.567566096783 1.37674582005 0.428208529949  
-0.611965358257 0.89502543211 0.37508431077  
-0.512638807297 0.317292958498 -0.499167382717  
-0.787808358669 1.01962077618 -0.334219068289  
-0.392032384872 1.61750650406 -0.1665494591  
-0.327850669622 1.17268097401 -0.282618284225  
-0.233531743288 0.937044024467 -0.237362071872  
0.0217383559793 0.793814361095 -0.360973745584  
0.202247396111 0.304926663637 -0.376553267241  
0.145554929972 0.558381855488 -0.934762656689  
0.577732980251 0.724234879017 -0.911144375801  
-0.0158547069877 0.493883222342 -0.336545288563  
-0.266002982855 0.786982119083 0.105597235262  
0.343047857285 0.819951415062 0.873917877674  
-0.0174277536571 0.497141897678 0.699236154556  
0.446245580912 0.732752859592 0.443271487951  
-0.00855108816177 0.869838058949 0.920060992241  
0.866534173489 0.777039647102 1.02680408955  
0.933091521263 0.887154817581 0.730375468731  
0.883326172829 0.883118033409 0.882941007614  
1.1671255827 1.37400722504 0.796537995338  
1.68012607098 0.779096126556 1.06432008743  
1.64147043228 -0.236350357533 0.635239362717  
1.39682376385 -0.442890256643 0.590282142162  
0.845306277275 0.749395728111 0.131012871861  
0.361532062292 1.63891100883 0.433791697025  
0.867688775063 1.56972181797 1.37853455544  
0.793444871902 1.3247231245 0.897442698479  
0.839693367481 0.516595125198 0.32949668169  
1.07503640652 -0.258787870407 0.166347876191  
1.2410351038 -0.231858357787 1.08557033539  
0.791983783245 0.21777959168 1.55956244469  
1.15275704861 0.285885483027 1.07036697865  
0.976298749447 -0.0779412910342 0.71438986063  
0.608325481415 0.320488929749 1.10129761696  
0.865736305714 0.158410042524 0.27333509922  
0.587852358818 1.42781662941 -0.958269298077  
0.725284695625 0.73805731535 -0.286645203829  
0.944478452206 0.883885443211 0.149072676897  
0.57585299015 0.765834033489 1.21343231201  
-0.413300722837 0.820278704166 0.777429103851  
0.0295229516923 1.51748943329 0.647334814072  
-0.0984881296754 0.673408985138 0.360848158598  
0.104507915676 1.12949287891 0.044743116945  
-0.778090953827 1.68768310547 -0.25492554903  
-1.02082228661 0.955026328564 -0.371054589748  
-0.0171527341008 0.571757018566 -0.122858978808  
0.36720058322 1.04165899754 -0.881926953793  
-0.142279237509 0.45234388113 -0.305337488651  
0.699720561504 0.440627843142 -0.261048346758  
0.122093714774 0.256333291531 -0.938686668873  
-0.114701576531 0.15980528295 -1.13206171989  
0.0144381951541 1.02998185158 -0.433667331934  
0.107295423746 0.822629451752 0.660421252251  
0.656115710735 0.571608364582 0.277200222015  
0.0775214806199 0.915636003017 0.647661685944  
-0.434217602015 1.65554368496 1.47563159466  
0.367772579193 0.847005367279 1.06161642075  
0.806937098503 0.449511349201 0.59214246273  
0.83047324419 0.608749687672 0.725785732269  
0.898023545742 0.898319840431 0.898365437984  
1.128901124 0.893540859222 0.925329089165  
1.08402073383 0.105454675853 1.69309937954  
1.40915381908 0.281870424747 0.6311160326  
1.22079777718 0.229115918279 0.0947193279862  
1.02391588688 0.638824284077 0.467463523149  
1.04150044918 1.71503090858 1.22554790974  
0.808666467667 1.2948268652 0.905500710011  
1.72851169109 0.512248277664 0.675277888775  
1.2024102211 0.129837155342 0.330082595348  
0.524533212185 0.144895464182 0.382142692804  
0.552282869816 0.399092048407 1.04839766026  
0.928256094456 0.272694408894 0.418324530125  
0.986435711384 -0.0294981785119 0.941163897514  
0.621387660503 0.0672039017081 0.74029558897  
0.0524482429028 0.0808310806751 0.27369171381  
0.565338075161 0.594857811928 -0.505036711693  
0.421151161194 1.21331572533 0.327304899693  
0.488454937935 1.0157097578 -0.115612491965  
0.25616183877 0.832918286324 0.133440747857  
-0.0430979765952 0.801587820053 0.0536275021732  
-0.0190855786204 0.691698729992 0.226486504078  
0.00718385400251 0.185345262289 0.534729659557  
0.192666590214 0.767742037773 0.132137343287  
-0.622495830059 1.06701529026 -0.254459440708  
-0.2770216465 0.520096957684 -0.481910407543  
-0.545731008053 0.649071156979 -0.0101516181603  
0.303785949945 0.990454256535 -0.477594405413  
0.379855930805 0.593257427216 -0.314133405685  
0.923261880875 0.987066090107 -0.257666736841  
0.19297939539 0.910538196564 -1.20335757732  
0.462548822165 -0.505613148212 -0.868802130222  
0.599098622799 0.577206254005 -0.860016047955  
-0.297403484583 1.11652469635 0.0472712144256  
-0.235773041844 0.745853483677 0.506062150002  
0.34806740284 0.449587315321 0.293746352196  
-0.335089862347 0.915844619274 0.383747965097  
0.756380558014 0.807741641998 0.743890881538  
0.757957339287 0.665463626385 0.851417541504  
0.36567273736 0.830826044083 0.768339157104  
0.231715425849 0.837619125843 0.725217580795  
0.956749975681 0.956725955009 0.956728577614  
1.10946750641 0.521900057793 1.42084300518  
1.13852453232 0.312207341194 0.460650831461  
1.32169592381 0.723226308823 -0.514908611774  
0.973405957222 0.916217148304 -0.168639302254  
1.31190752983 1.47011339664 1.15287172794  
1.78989696503 0.776949644089 0.822742164135  
2.27093648911 0.599232196808 0.810049474239  
1.64178824425 0.690766453743 0.603103280067  
0.750733554363 0.35560387373 0.258025109768  
0.39707377553 0.446489483118 0.247150346637  
0.83875054121 0.243168786168 0.430539309978  
1.48878359795 0.0231693405658 0.627175152302  
0.890817761421 0.510742545128 1.04605638981  
0.553669035435 0.271397829056 0.510430455208  
0.952793002129 0.54041069746 -0.613656878471  
1.1430593729 0.96791601181 0.170726940036  
0.628687381744 0.737171828747 0.0703191384673  
0.260292649269 0.641535103321 -0.163193285465  
0.210264101624 1.01355791092 -0.197012424469  
0.272760599852 0.304232001305 -0.368535131216  
0.560415148735 -0.839015960693 0.318184584379  
0.299748063087 -0.203198760748 0.505789995193  
0.240476191044 0.922363698483 0.401968181133  
-0.324515283108 1.25504851341 -0.349059849977  
-0.817813634872 1.34464991093 -0.0232225488871  
0.113231368363 1.1585432291 -0.0621770992875  
0.682021319866 1.00044488907 -0.232568666339  
0.345131188631 0.770930707455 -0.0449310839176  
0.394828051329 0.951775789261 -0.771378815174  
-0.0656623914838 0.530053496361 -0.611254930496  
-0.374154359102 0.84317445755 -0.418932020664  
-0.676463484764 0.858659505844 0.306625515223  
0.245399236679 0.895484924316 0.933709621429  
0.87931573391 0.782532691956 0.593759357929  
0.584541976452 0.00465491972864 -0.430639386177  
0.14561727643 -0.503581702709 0.208113014698  
0.265700876713 0.430659592152 0.657850921154  
0.465722709894 0.776429772377 0.633412241936  
0.184542968869 1.33278870583 0.759255468845  
0.217554539442 1.23758399487 0.783414721489  
0.572083890438 0.439840257168 0.653239250183  
0.906598031521 0.902956962585 0.457886695862  
0.897875607014 0.830377161503 0.338705331087  
1.3503330946 1.42807984352 0.190703302622  
1.00007390976 1.85781848431 0.236152768135  
1.25209903717 1.70354902744 0.380572378635  
2.33147788048 0.849765956402 0.475744575262  
2.57118844986 0.87136977911 0.0427317582071  
1.24092292786 0.702161729336 -0.0766374245286  
0.42652285099 0.197250619531 0.0849341675639  
0.650028288364 -0.28490743041 0.571257591248  
1.28754329681 -0.514637589455 0.650177538395  
0.630616903305 0.151227578521 1.37604904175  
0.898574709892 0.613469898701 0.409679532051  
0.741659939289 0.639116704464 0.168415278196  
0.464254021645 0.65693372488 -0.320995658636  
0.331300646067 0.390148490667 0.152603119612  
-0.0417325496674 0.736036300659 0.355073690414  
0.449208110571 0.395233988762 -0.0856500342488  
0.455500692129 0.338434100151 -0.367071181536  
0.371867060661 -0.498698592186 0.0811527967453  
0.782757878304 -0.0181760620326 -0.0489327348769  
0.121253661811 0.985163450241 -0.132846906781  
-0.838708460331 0.880251944065 -0.857802569866  
-0.957398176193 1.31449091434 -0.144192650914  
0.477159112692 1.05083441734 0.545861184597  
0.293884128332 0.820550203323 0.633343994617  
0.316299915314 1.28597521782 0.33219653368  
0.318851470947 1.26562738419 -0.48897793889  
-0.0965276658535 1.59365749359 0.0285727083683  
0.0814944133162 0.882088720798 -0.50355052948  
-0.122521258891 0.163556441665 0.719951689243  
0.520232081413 -0.0585273131728 1.50738453865  
1.8387080431 1.02769088745 1.45903635025  
0.509465992451 0.461420416832 0.652312397957  
0.39484834671 -0.175992965698 0.897420942783  
0.751460492611 0.608890652657 1.22482836246  
0.802833557129 0.974579691887 1.03688216209  
1.1374450922 1.12606537342 0.976501047611  
0.768383085728 0.556500375271 1.17266356945  
0.512009739876 0.540266036987 0.876271665096  
0.965729951859 0.967662155628 0.442091166973  
0.939881980419 0.969226777554 0.379092931747  
1.40944349766 1.43937015533 0.183928459883  
1.6004524231 1.6219792366 0.0592029541731  
1.57745075226 1.35551941395 0.575814843178  
1.65300559998 0.981640219688 0.345079749823  
2.0518488884 0.490314304829 -0.110698059201  
2.24815630913 1.01854658127 -0.115089759231  
0.560111224651 0.26516225934 -0.0354494340718  
-0.123611241579 -0.566092193127 -0.109548062086  
0.205666258931 -0.192042961717 0.825912714005  
0.629548192024 0.251709133387 1.3814817667  
0.144735813141 0.407160520554 0.890798091888  
0.263451129198 0.396628320217 0.971174001694  
0.467740386724 0.704402565956 0.223289832473  
-0.00257375603542 0.625011920929 0.191393777728  
-0.166143104434 1.29858136177 0.526831388474  
0.508572161198 0.331534832716 0.476458311081  
0.496227830648 -0.197721779346 -0.402068555355  
0.39341622591 -0.153793513775 -0.232107207179  
0.293588429689 0.00454052956775 -0.28345489502  
-0.45392781496 1.05091524124 -0.610767841339  
-0.636366009712 1.46071326733 -1.05703186989  
-0.546593666077 1.1681804657 -0.321135997772  
0.699805557728 1.31803584099 -0.121932901442  
-0.388104170561 0.936089813709 0.154762014747  
-0.26653110981 1.4632153511 0.259032934904  
-0.427966058254 1.69355666637 -0.079545840621  
-0.104617610574 1.86230897903 -0.229864224792  
0.411149799824 1.52416360378 -0.354110985994  
0.0993578657508 -0.248509287834 0.567923426628  
0.620029866695 -0.556982636452 1.38702881336  
0.635853946209 -0.0449126921594 1.21802246571  
-0.0439019389451 0.203097552061 0.775716543198  
0.139591529965 0.15521684289 1.24748432636  
0.556214272976 0.616996467113 1.14343333244  
0.452298730612 0.834883332253 1.36550700665  
0.371564477682 1.22439694405 1.41538333893  
0.649035930634 0.768768906593 1.29325139523  
0.644750118256 0.117068700492 1.04298222065  
1.13425576687 0.586971402168 0.678186774254  
1.23411536217 0.604797422886 0.233402565122  
1.5934907198 0.94958615303 0.142474472523  
1.54805040359 1.64016819 0.239454388618  
1.41564524174 0.738618254662 0.527257680893  
1.03641366959 0.226615801454 0.811223268509  
1.57683515549 0.242444068193 0.681479513645  
1.84494686127 0.0774813741446 0.0993131995201  
1.08034586906 -0.02684882842 0.260905206203  
0.228080794215 -0.0584669969976 -0.0388582497835  
0.418540686369 0.202554896474 0.641028940678  
0.636910200119 0.320976614952 1.28704977036  
0.279578715563 0.648092925549 1.11242198944  
0.90974009037 0.88534116745 0.720391511917  
0.503297924995 0.593616187572 0.393260091543  
0.305722236633 0.564710795879 0.20409591496  
-0.539843916893 1.00111651421 0.320347458124  
-0.351766675711 0.412795901299 0.150913149118  
0.240084856749 0.217159256339 -0.236771434546  
0.764907300472 -0.112519681454 -0.842159032822  
0.634495377541 -0.0679058879614 -0.38268622756  
-0.277769804001 0.269201099873 -0.31668022275  
-0.806426346302 0.753909409046 -0.610675573349  
-0.985024690628 1.18459296227 0.164317235351  
-0.341019928455 1.21731162071 -0.122100926936  
0.033320069313 1.32339954376 -0.0557035505772  
-0.326835364103 0.914147734642 0.585342943668  
-0.342745929956 2.0381436348 0.224091753364  
-0.00582580454648 2.23191428185 -0.814951717854  
0.619449257851 2.0239481926 -0.83147329092  
-0.158739835024 0.077028028667 0.204728990793  
0.0486468374729 0.0907688885927 0.481228709221  
0.189268186688 -0.219905540347 0.769661426544  
0.209509849548 -0.181968390942 0.531109750271  
0.209904357791 0.0811870098114 0.682033896446  
0.0751205608249 0.598327219486 1.18301832676  
0.600225925446 1.02592992783 0.778860390186  
0.688168048859 1.28917300701 1.47799384594  
0.561088144779 1.12112808228 1.75966310501  
0.293057709932 0.801023960114 1.10621261597  
0.772172749043 0.44152790308 0.48232755065  
1.4363515377 0.583327412605 0.987006962299  
1.25757527351 0.357734411955 0.318181663752  
1.65466880798 0.517830610275 0.38288924098  
2.1104798317 0.0749436616898 0.368294119835  
1.70759558678 0.269820302725 0.962793588638  
1.85426521301 0.277404427528 0.808150947094  
1.87536859512 0.556000053883 0.909469485283  
1.56394100189 1.06400477886 0.551994919777  
0.832001924515 1.1524091959 0.386774241924  
0.563192367554 1.39229607582 0.176547646523  
1.07731580734 0.871706664562 1.1709164381  
1.41757464409 1.30612134933 1.60630118847  
1.52742052078 1.69312167168 0.772252082825  
1.2679027319 1.04275083542 -0.0401395522058  
0.710969209671 0.576671361923 -0.275396823883  
-0.0783709213138 0.780273616314 0.094389796257  
0.302462816238 0.0164535325021 0.579161882401  
0.118717521429 -0.424475282431 -0.207088857889  
0.525784373283 -0.323776125908 -0.200745820999  
0.34914919734 -0.173379778862 0.271339356899  
-0.0114640221 0.280164301395 0.2425429672  
-0.413971573114 0.765259087086 -0.422102183104  
-0.596785306931 0.987840175629 -0.272943913937  
-0.280420869589 0.789067029953 0.375293135643  
0.0273886863142 0.252008497715 0.241701349616  
0.0782369449735 0.724608182907 0.308885484934  
0.0272688586265 2.2799115181 0.511128008366  
0.422997862101 2.14521503448 -0.538851618767  
0.384298056364 1.73355925083 -1.1730850935  
-0.317129552364 0.444412440062 0.831018149853  
-0.335120618343 0.085495762527 0.124442920089  
-0.453203856945 -0.170513346791 0.432829231024  
-0.405012667179 -0.258286774158 0.566221356392  
-0.174883663654 0.244979172945 0.752162277699  
-0.751454532146 0.705439627171 0.613250374794  
-0.589062690735 0.535646080971 0.873614728451  
0.0446072593331 0.64492225647 0.95033121109  
0.882542788982 1.35443735123 1.09904050827  
0.0313093885779 1.07999908924 0.935129702091  
0.217116087675 1.02333521843 1.02648735046  
1.0321457386 0.20283395052 0.874409139156  
1.1192637682 -0.137558072805 0.413369953632  
1.78949034214 -0.165892422199 0.367925554514  
1.95247983932 0.17516477406 0.513152897358  
1.76725852489 -0.0952405482531 0.854325950146  
1.33100986481 -0.223068401217 1.30650448799  
1.86614394188 0.300023674965 0.922928273678  
1.05357134342 1.27753722668 0.784789502621  
1.07405531406 1.34045338631 0.356215119362  
1.09305644035 1.193577528 0.949399352074  
1.67648601532 1.12663078308 1.52619409561  
0.938967585564 2.06435108185 1.45972657204  
0.691465198994 1.89878189564 1.44226074219  
0.660755038261 1.18294775486 0.5888697505  
0.141196772456 1.30733215809 -0.439280450344  
-0.459417402744 0.788979172707 0.0599430985749  
-0.196027621627 0.0999095439911 0.341975033283  
0.31085023284 0.34321141243 0.12684160471  
0.407146394253 0.405140548944 0.155377447605  
0.564882814884 0.431796818972 0.767998635769  
-0.0332953669131 0.290940105915 0.0501567609608  
-0.254647344351 0.491697907448 -0.558074951172  
-0.601233243942 0.737979948521 -0.718804836273  
-1.45049238205 0.709285259247 -0.42860981822  
-0.738232433796 0.269580364227 -0.428637981415  
-0.140280395746 0.546108603477 -0.0244149174541  
0.410261154175 1.59274828434 0.293715298176  
0.481629699469 0.999528765678 -0.0833797827363  
0.344836324453 1.59277153015 -0.649008989334  
-0.908418536186 0.503353655338 0.504874408245  
-1.47033166885 0.025250358507 0.169354587793  
-1.08514797688 0.504579007626 0.39435967803  
-0.39957857132 0.622364938259 0.11687502265  
-0.332004576921 0.0539988689125 -0.08458917588  
-0.990685164928 0.530348062515 0.158959344029  
-0.730126738548 0.448453426361 0.475061178207  
-0.156184017658 -0.235817864537 0.157976388931  
0.466623336077 0.251317858696 0.73381882906  
0.821313679218 0.416080027819 0.22205157578  
0.761540353298 0.931074559689 0.595691859722  
0.534859001637 -0.012306987308 1.23560416698  
0.717123329639 0.250880748034 0.994734704494  
1.69062387943 0.493022203445 0.491213291883  
1.16069555283 0.168334558606 0.204819500446  
1.31175160408 0.0936528369784 0.940536379814  
1.12190330029 0.557290017605 1.03436899185  
1.35030090809 1.21629071236 0.869991481304  
1.82175314426 1.454657197 0.736008405685  
1.57343029976 1.64692163467 1.45588028431  
1.62514996529 1.08030486107 1.25585615635  
1.95076358318 1.02823209763 1.50221943855  
1.18380594254 1.51467216015 1.02663433552  
0.171625912189 1.26577842236 0.100406639278  
0.754891812801 0.924358665943 -0.305297404528  
0.725297570229 1.42302501202 -0.78470659256  
-0.335816651583 1.62176024914 -0.0931741148233  
-0.0274351928383 0.738605558872 0.116196773946  
0.339753985405 -0.0761756822467 -0.320646047592  
0.355073273182 0.890289068222 0.352245122194  
0.529109358788 1.28788459301 -0.137935981154  
0.357051610947 0.912177622318 -1.54250323772  
0.132284581661 0.92991900444 -1.17247235775  
-0.451157659292 1.91124475002 -1.06208884716  
-0.934334218502 0.815523445606 -0.994292259216  
-0.352320671082 0.444119334221 -0.782908439636  
-0.453685253859 0.357895374298 -1.62556493282  
-0.310602486134 0.717759370804 -0.0790148004889  
0.210262432694 0.717706143856 -0.461647897959  
-0.113398090005 1.30531382561 0.00836538802832  
-0.672026634216 0.232681676745 1.17519366741  
-0.640985548496 -0.344430446625 0.797418534756  
-0.546683430672 -0.654171943665 0.140897750854  
-0.405157774687 -0.277949005365 -0.468223333359  
-0.355268627405 0.241730093956 -0.792899429798  
-0.471233189106 0.173710390925 0.134122848511  
-0.556769430637 0.416580408812 -0.146908968687  
-0.0534776113927 -0.181031569839 -0.121164187789  
0.737214565277 -0.12400188297 0.31541377306  
1.06418263912 -0.251777172089 0.227648377419  
0.156730607152 0.881300389767 0.754906773567  
0.196839809418 0.366640537977 0.537311851978  
1.10254085064 0.432814568281 0.414424359798  
1.49834775925 0.779960870743 0.655439913273  
0.825085103512 0.236133798957 0.06221941486  
0.918693184853 0.300255835056 0.291049271822  
0.976762473583 0.390711128712 0.250460654497  
1.53758656979 1.00320053101 0.270560711622  
2.1686091423 1.42447292805 0.383201450109  
2.09375667572 1.27132594585 1.06181621552  
1.85265779495 0.736618876457 0.808623075485  
1.83938455582 0.684964418411 0.945070624352  
1.65774142742 0.580383479595 0.55020236969  
0.836699783802 0.747081041336 -0.0498207770288  
0.646192133427 0.742944955826 -0.0233801715076  
0.664806842804 1.1842353344 -0.135591045022  
-0.24839605391 1.11602652073 0.187733247876  
-0.582951724529 0.850951194763 0.11365609616  
-0.0348374061286 0.07279407233 0.136260658503  
0.361880779266 0.89757591486 0.364968299866  
0.406215727329 1.19461321831 -0.151854783297  
0.393344610929 1.3160661459 -0.6750254035  
0.258948534727 1.23752105236 -0.953087806702  
-0.109377831221 1.4788056612 -1.47072839737  
-0.0689395815134 0.628508687019 -1.21247625351  
-0.592337489128 -0.0502321757376 -0.531072437763  
-0.291403263807 0.115898661315 -1.03427910805  
0.0632567927241 0.559362649918 -0.72287350893  
-0.0957335680723 0.967678129673 -0.497010856867  
-0.532081365585 1.25417017937 -0.7110876441  
-0.0987462550402 0.616629362106 0.453674763441  
-0.159133315086 -0.0848027765751 -0.0484393909574  
-0.740182936192 -0.645672261715 -0.703882753849  
-0.417819619179 -0.714435756207 -0.712972402573  
-0.224998936057 0.106607012451 -1.0532875061  
-0.101406045258 0.248684614897 -0.533197164536  
0.397231817245 -0.118702471256 0.226795896888  
-0.124591976404 0.133141905069 -0.117186821997  
0.0522939227521 0.548926115036 0.0509888157248  
-0.209160760045 0.286520928144 -0.604760229588  
-0.24133105576 0.0251011457294 0.166288018227  
-0.281560271978 0.774801015854 0.373228698969  
0.737188696861 0.258847922087 0.501717567444  
0.537809073925 0.0539643168449 0.822576284409  
0.582956790924 0.420723378658 0.124108813703  
0.642817080021 0.437144398689 -0.200431227684  
1.20108914375 -0.126640558243 0.00164327688981  
2.0454890728 0.964393675327 -0.128438532352  
1.82247197628 0.800236582756 -0.286216497421  
1.58505880833 0.892005622387 0.014223667793  
1.96674704552 0.993408381939 0.681840121746  
1.7573056221 0.809118390083 0.393319398165  
1.62902164459 0.80682861805 0.00960465427488  
1.56320607662 0.603742301464 0.364011913538  
0.86241954565 -0.10901042074 0.437472641468  
0.645168721676 1.14934766293 0.440746903419  
0.651686668396 0.945686340332 0.18758867681  
0.116368301213 0.895927131176 0.372397512197  
0.897595226765 0.533761262894 0.242473050952  
0.330920308828 0.0542950369418 -0.0111478455365  
0.548995316029 0.682148575783 -0.270641177893  
0.0552379190922 0.885619342327 -0.312423199415  
-0.10266405344 1.05544304848 -1.22947335243  
-0.204284012318 0.906058847904 -1.89311623573  
-0.344335854053 0.763671636581 -1.58085656166  
-0.267094284296 0.495571434498 -1.43573307991  
0.0398801453412 0.376488685608 -1.74054908752  
0.148846238852 1.27281033993 -0.981218636036  
-0.144707411528 0.954732000828 -0.635756134987  
-0.402980983257 1.24342668056 -0.0357290655375  
-0.286499232054 0.268136709929 -0.25256973505  
-0.254200637341 -0.201383322477 -0.103676877916  
-0.241493776441 -0.688603043556 -0.016334053129  
-0.0252761282027 -0.0741267427802 -0.717338562012  
0.328382462263 0.190751120448 -0.672211766243  
0.441053777933 0.100965492427 -0.814594328403  
0.716311275959 -0.402253866196 -0.675502181053  
-0.237657010555 0.185429513454 -0.66928255558  
-0.158247411251 0.476513713598 -0.340046584606  
-0.474453508854 0.177935898304 0.112207405269  
-0.305957883596 -0.204903006554 -0.0168036483228  
0.312934011221 0.524069547653 0.84612005949  
0.992223978043 0.64472335577 1.12694764137  
0.674131095409 0.353296011686 1.44747948647  
0.61887383461 0.312818497419 0.475342959166  
0.645934939384 0.495570391417 -0.0759069249034  
1.07608485222 -0.0237298998982 0.0653638020158  
1.30671334267 0.1720341295 -0.22812075913  
0.566371619701 0.503143727779 -0.296216249466  
-0.159925177693 0.689957201481 -0.371057838202  
0.998883426189 0.4145154953 0.588968992233  
0.790498733521 1.36975204945 0.686935961246  
1.09924697876 0.893727362156 -0.325396895409  
1.15636396408 1.42232561111 0.282717943192  
0.670774757862 0.229660108685 0.615353643894  
0.978256165981 0.608311831951 0.482001155615  
1.21936941147 0.774590730667 0.304365247488  
0.99568849802 1.39601290226 0.486498653889  
1.20901954174 1.04305922985 0.226404055953  
0.301539301872 0.939064919949 -0.415503233671  
0.199455007911 0.55454903841 -0.257301479578  
-0.0938592329621 0.493841439486 -1.16853785515  
0.282876878977 0.821914494038 -1.61097693443  
-0.0130238085985 0.675688624382 -1.82589125633  
-0.403117656708 0.755078673363 -1.59891521931  
-0.561467587948 1.16234660149 -1.46216738224  
-0.156944528222 0.991540372372 -0.54603266716  
0.53160238266 0.961851537228 -0.559703707695  
0.0691765844822 1.17156100273 -0.339291244745  
-0.0136686312035 0.934768140316 -0.451803267002  
-0.143488481641 0.294486165047 0.0950448438525  
-0.502549111843 -0.209255889058 -0.00053364172345  
-0.406622499228 -0.998506784439 -0.614893317223  
0.449102044106 -0.315016806126 -0.478837251663  
0.941937804222 -0.238133013248 -0.619430959225  
0.800963461399 -0.402978926897 -0.724705219269  
-0.232982411981 -0.54704451561 -1.06709003448  
-0.185250192881 -0.324613630772 -0.773795127869  
0.52899992466 0.00858677364886 -0.119049020112  
0.759858429432 0.392145216465 0.350593537092  
0.0380768589675 0.246283829212 -0.283086508512  
0.115469701588 0.691077709198 -0.0485930368304  
1.10174608231 0.40605404973 0.747010171413  
1.13757717609 -0.0656467303634 1.65926814079  
1.05405163765 0.0417448543012 0.859079420567  
0.684207141399 -0.00321300933138 0.334458231926  
1.0485522747 -0.122221000493 0.113595463336  
0.396820932627 0.142720848322 -0.247236341238  
0.20998069644 0.461386263371 0.410191178322  
0.377511411905 0.629559218884 0.0679746568203  
0.120294824243 1.75286304951 0.422929346561  
0.439342498779 1.98748826981 0.471072971821  
1.12101221085 1.27850902081 -0.393949747086  
1.27551710606 2.32813477516 0.187214359641  
1.34079575539 1.05485332012 1.08718895912  
0.903739154339 1.01587295532 1.03130578995  
0.948879241943 0.341998428106 0.219088673592  
1.32021534443 0.663361847401 0.0362281873822  
1.39934396744 1.0759626627 0.475379705429  
0.600546717644 0.883418381214 -0.528668284416  
0.342925399542 0.427604615688 -0.889483630657  
0.216608136892 0.0616012103856 -1.32482802868  
0.725326776505 0.834611535072 -1.62384617329  
-0.0880127623677 0.405394345522 -1.34447681904  
0.191701576114 0.565220475197 -1.69439172745  
-0.229922786355 0.777162909508 -1.8196015358  
-0.268553048372 1.29588735104 -0.780787169933  
-0.562925815582 0.980005145073 -0.581230521202  
-0.263422966003 1.29642677307 -0.30384093523  
0.132136717439 0.683158934116 -0.859595477581  
0.116708338261 -0.0821771919727 -0.21653342247  
-0.0785197764635 0.120476402342 0.0633876025677  
-0.474958568811 -0.80664986372 -0.670715391636  
0.50442135334 -1.02709174156 -1.43067729473  
0.255316197872 -1.12577593327 -1.66780459881  
-0.139087662101 -0.464929461479 -1.36699044704  
-0.177619069815 -0.157850682735 -0.727893233299  
0.167727962136 -0.181884869933 -0.368567407131  
0.564916849136 -0.0209520626813 0.0389303416014  
0.445933133364 0.0092749055475 -0.424432247877  
0.486935377121 0.176837831736 -0.52949243784  
0.797942340374 0.0489027872682 -0.559127748013  
0.602411150932 0.230612933636 0.520580470562  
0.930714666843 0.384711742401 1.4788107872  
0.768165647984 0.395375609398 0.889764428139  
1.0103508234 -0.400960683823 -0.253659546375  
0.737793445587 -0.180165454745 -0.159797996283  
0.725837826729 0.291777551174 0.648120760918  
0.598457992077 1.18646991253 0.252552837133  
0.0656203180552 0.812441051006 0.805550694466  
0.0777673348784 2.13329005241 0.763848185539  
0.153717443347 1.81207191944 0.0367558673024  
0.791926681995 1.42934679985 -0.201752349734  
0.961216390133 1.41496324539 0.186476364732  
0.956432342529 0.803833067417 0.939749658108  
1.01889765263 0.853289961815 0.620909690857  
1.05503201485 0.327327668667 -0.795636475086  
1.62805068493 0.136234462261 -0.44791957736  
0.829136908054 1.46834266186 -0.201204076409  
0.223988622427 1.54853224754 -0.432478159666  
-0.0946812927723 1.68890154362 -1.27893805504  
-0.158514633775 1.1828930378 -1.3659504652  
-0.0588113702834 1.35090172291 -1.32019627094  
-0.115492805839 0.890474140644 -0.73156106472  
0.108618088067 0.182136252522 -1.07471489906  
0.00982381682843 0.222721457481 -0.878225922585  
-0.281094670296 0.282119810581 -0.778595328331  
-0.690458536148 0.587036728859 -0.122878707945  
0.170861139894 0.910025000572 -0.213386982679  
-0.00915215350688 0.648360073566 -0.662714600563  
-0.603590667248 -0.00478501711041 -0.313657611609  
-0.515712141991 -0.902952492237 -1.04842531681  
-0.239560469985 -1.19482243061 -1.48595225811  
-0.285185515881 -1.45797586441 -1.85198426247  
0.0424388349056 -0.940501749516 -1.90366017818  
-0.0351957008243 -0.899582028389 -1.76477134228  
-0.386713325977 -0.134380668402 -1.55658340454  
0.293727010489 -0.0871961563826 -1.02689898014  
0.60577660799 0.196758583188 -0.31672552228  
0.761260092258 0.155247792602 -0.782846450806  
0.498580127954 0.299354016781 -0.593339800835  
0.885220646858 -0.770477473736 -0.403948605061  
0.541367053986 -0.577371835709 1.10418534279  
-0.651826441288 0.357896476984 2.79364156723  
0.00399891054258 0.563632786274 1.53855085373  
0.678834974766 0.137870714068 0.109720021486  
0.534303545952 -0.0794147700071 0.206111043692  
0.507029175758 0.234798207879 1.20215439796  
0.714284718037 0.336825728416 1.04579603672  
0.470048397779 0.332067877054 1.35553598404  
-0.522610843182 1.23031497002 1.1430644989  
0.0054458938539 1.16489362717 0.194854229689  
0.261738866568 1.62010848522 -0.582607269287  
0.738525271416 1.71144831181 -0.173132687807  
0.660120904446 1.25761950016 0.537875711918  
0.472373813391 0.814661383629 0.596423089504  
1.04390239716 0.270448952913 -0.523952186108  
0.534594893456 0.737359464169 -0.266608983278  
0.135839104652 1.3175996542 -0.838214337826  
-0.0295388717204 1.32216417789 -0.422062009573  
-0.661241650581 1.20308494568 -1.08887887001  
-0.754634082317 1.41910016537 -0.84463429451  
-0.412433028221 0.982440531254 -1.41433370113  
-0.260117202997 0.316906839609 -0.563300311565  
-0.0754998773336 0.646354913712 -0.593439280987  
-0.629149079323 0.172037273645 -0.164395302534  
-0.921070456505 0.486437320709 -0.224689945579  
-1.0232937336 0.995472729206 0.193680137396  
-0.738168299198 1.01725625992 0.0155258076265  
-0.00308302533813 0.012852367945 -0.192154198885  
-0.450097024441 0.839575469494 -1.07809913158  
-0.235580280423 -0.67904651165 -1.49155712128  
-0.618662536144 -1.37399053574 -1.83271181583  
-0.115545853972 -1.37050652504 -1.66237974167  
0.0448643527925 -0.544371306896 -2.31146430969  
-0.195617422462 -0.355667173862 -2.0985789299  
-0.154584825039 0.0292051099241 -2.05877590179  
0.190911620855 0.301071017981 -1.62484800816  
0.86642998457 -0.0613368116319 -1.83393871784  
0.929517149925 -0.442727953196 -1.07587635517  
0.579494357109 -0.938384354115 -0.732886970043  
0.268378764391 -1.34205949306 -0.711672604084  
-0.235170081258 -0.33164870739 0.18912178278  
-0.561555743217 -0.234949454665 2.07141661644  
-0.166340187192 -0.23813867569 0.609404861927  
0.0137304672971 0.115048751235 0.294229418039  
0.161723464727 -0.185974761844 0.333023130894  
0.721627652645 -0.101959876716 0.78934854269  
0.748569488525 -0.0729835405946 1.11779689789  
-0.16978161037 0.294319719076 1.42550730705  
-0.197206020355 0.618085503578 0.925873279572  
-0.214020356536 0.906026363373 0.458837211132  
-0.142742052674 1.61464262009 -0.265792995691  
-0.0544074885547 1.67385601997 -0.288384467363  
-0.0237570945174 1.05617725849 -0.24549369514  
0.817233860493 0.531552433968 0.428162813187  
1.06272232533 -0.140212312341 0.476794660091  
0.905564069748 0.509011030197 0.0708377063274  
0.33369410038 0.941636264324 0.0481983236969  
-0.389172106981 1.14389324188 -0.435312867165  
-1.12316131592 1.37322020531 -0.943013489246  
-1.48371517658 1.33293962479 -1.2759937048  
-0.580784022808 0.995492041111 -1.50185573101  
0.251804411411 0.407985210419 -0.789727807045  
-0.110438875854 0.726418375969 -0.63829600811  
-0.195982500911 0.85357350111 -0.90597987175  
-0.969220101833 0.89522600174 -0.276876926422  
-1.16670501232 1.48658907413 -0.397646248341  
-0.590661168098 1.0193952322 -0.618183493614  
0.122796960175 0.84320962429 -0.57632625103  
-0.577861726284 0.884535253048 -0.479593008757  
-1.02767956257 0.543700456619 -1.11780655384  
-0.624087333679 -0.387934982777 -1.75939750671  
-0.985712170601 -0.547024846077 -2.40740036964  
-1.24060714245 0.109450817108 -2.31325531006  
-0.44046074152 -0.0518348515034 -2.10683083534  
-0.0868528783321 0.615836620331 -2.05766153336  
-0.16906785965 0.101079359651 -2.08984780312  
0.172802627087 -0.705136716366 -1.97583758831  
0.151583448052 -0.712532162666 -1.49627768993  
0.311572343111 -1.0055603981 -1.41897845268  
-0.655414760113 -0.615263402462 -0.560990393162  
-0.570149719715 -0.924579977989 0.00702062482014  
-0.527030050755 -0.539745807648 0.654728770256  
-0.0669578909874 -0.682734131813 0.476624786854  
0.221838206053 -0.143504649401 0.401516258717  
0.230795100331 -0.107219062746 0.492787331343  
0.832255661488 0.221435710788 0.916384875774  
0.213840469718 0.0865750312805 0.897195756435  
-0.888625502586 -0.101349800825 1.48561310768  
-0.497107744217 0.55151617527 0.550391256809  
-0.696034669876 -0.00661227479577 0.544398009777  
-0.268406033516 0.0206283852458 0.135425373912  
-0.22407579422 0.201976791024 -0.135421723127  
-0.643942296505 0.443789452314 0.015906881541  
0.297970086336 0.361089318991 0.0631045475602  
1.1966445446 -0.188675731421 0.873593688011  
-0.0892311558127 0.215861707926 0.123047485948  
-0.244651645422 0.77080899477 0.00689441664144  
-0.653363287449 1.79724872112 -0.851434469223  
-0.653310775757 1.12958455086 -1.23451387882  
-1.40703821182 0.777393043041 -0.773312985897  
-0.804384291172 0.573300004005 -1.11395049095  
-0.308602899313 -0.0106194522232 -0.80706679821  
-0.059335809201 0.942711591721 -0.320413857698  
-0.0459806546569 1.09622502327 -1.24603152275  
-0.840778827667 1.49643087387 -0.984718322754  
-0.902863323689 1.00700628757 -0.188403919339  
-0.955753087997 0.9711176157 0.115540876985  
-0.21076503396 0.951551377773 -0.726667404175  
-1.05271911621 0.398059010506 -0.721565127373  
-0.424311220646 0.215958952904 -1.04723584652  
-0.1817663908 0.0321968644857 -1.42492771149  
-0.371389955282 -0.225542888045 -2.41802406311  
-0.257970064878 -0.0446140021086 -2.2706079483  
-0.0547807924449 -0.149735510349 -2.45062589645  
0.0445128530264 0.60879868269 -2.23251676559  
-0.190581291914 0.154728114605 -1.92168974876  
-0.270449727774 -0.371511489153 -1.81851947308  
-0.178464144468 -0.538405835629 -1.94404244423  
-0.296727985144 -0.48911729455 -1.05523431301  
-0.167738512158 -0.367142438889 -1.03724730015  
-0.446883559227 -0.135504603386 -0.337544411421  
-0.631390094757 -0.368987709284 -0.59456294775  
0.366005420685 -0.836728215218 -0.222017660737  
1.41605138779 -0.80296009779 0.122572906315  
1.32721686363 0.00128322339151 0.479927539825  
1.43301177025 -0.493944942951 0.663003921509  
0.831262528896 -0.0319086909294 0.185031861067  
-0.0992367118597 0.382600545883 1.11006784439  
-0.642665028572 0.258518248796 0.936346650124  
-0.638872563839 0.0502810887992 0.895155668259  
-0.404959499836 -0.280151575804 1.15177834034  
-0.359135597944 -0.512175619602 1.27906453609  
-1.16275727749 0.102584570646 1.13703584671  
-0.777624189854 0.0214065592736 0.671446621418  
-0.290802299976 -0.450278133154 0.490904003382  
-0.857470870018 -0.401850938797 -0.2670789361  
-0.910342872143 0.862532258034 -0.0471462793648  
-1.12525737286 1.01007187366 -0.589900493622  
-0.344667375088 0.951384842396 -1.27174091339  
-0.888404726982 -0.0633037760854 -1.43137419224  
-0.359812378883 -0.587246954441 -0.906949698925  
0.264216482639 -0.455736786127 -0.714720249176  
0.191925957799 0.350008159876 -0.908906340599  
-0.197304800153 1.30284178257 -0.949715137482  
-0.408142715693 1.30714213848 -1.54475748539  
-0.808846235275 1.00564098358 -0.634956479073  
-0.499669730663 0.427276998758 -0.408129572868  
-0.0581139884889 0.778810858727 0.0570965483785  
-1.47497367859 0.551175773144 -0.474022984505  
-0.812518119812 0.567459285259 -0.660012543201  
-0.685582637787 0.276734679937 -1.71624302864  
-0.148386403918 0.119381681085 -1.97128784657  
-0.203640654683 -0.356039375067 -2.10289812088  
0.357693374157 -0.46480256319 -2.28436040878  
0.0987226292491 0.615253388882 -2.35145068169  
0.20405575633 -0.146515756845 -1.41679608822  
-0.0637855380774 -0.747550845146 -1.3989957571  
-0.010076074861 -0.181530758739 -1.59044444561  
-0.163146868348 0.0667069330812 -1.32498013973  
-0.90904802084 -0.30837148428 -1.5945943594  
-0.589033901691 -0.275130838156 -1.34803378582  
0.0673524588346 -0.221523225307 -0.80539637804  
0.643246114254 -0.747984588146 -0.472400069237  
1.88634443283 -0.709361970425 -0.350705951452  
1.18341016769 -1.00975143909 1.14631021023  
0.951692223549 -1.02565360069 1.58078551292  
0.701454818249 -0.122844778001 0.616597056389  
-0.402641117573 0.0299372188747 0.522238492966  
-1.53665077686 -0.000886858906597 0.961835205555  
-0.891667246819 0.228986620903 1.20718193054  
-0.862698972225 -0.503959000111 1.39180350304  
-0.847002446651 -0.853633999825 1.16030573845  
-1.33461427689 -0.79411303997 0.965614676476  
-0.860624670982 0.130570039153 0.10867524147  
-0.723399817944 -0.176249802113 0.0449598394334  
-0.809600114822 -0.275306284428 -0.139028161764  
-0.406711369753 0.0701367855072 -0.341117173433  
-0.384582787752 0.545030593872 -0.171202495694  
1.12386751175 0.825923681259 -0.82157599926  
0.143250271678 -0.125036999583 -1.24087274075  
-0.0103534907103 -0.550259232521 -1.18597090244  
0.147058948874 -0.558789610863 -1.02710020542  
0.468820601702 0.227268278599 -1.33374261856  
-0.168547511101 0.507157206535 -1.19228971004  
-0.503405749798 1.11297190189 -1.34409344196  
-0.925616621971 1.08439588547 -1.18476188183  
-0.820289313793 0.710503280163 -0.662879824638  
-0.543705642223 0.460667103529 -0.441284388304  
-2.02452135086 0.133359164 0.044517043978  
-1.55641639233 -0.353590995073 -0.034327801317  
-0.546744763851 -0.14232301712 -1.33991479874  
0.0222401451319 0.104159899056 -2.04374575615  
-0.463219970465 0.404665023088 -2.04876279831  
-0.0483077540994 -0.0216842740774 -1.80146276951  
0.0879119932652 0.110535502434 -2.18327856064  
-0.0848383009434 -0.0599139370024 -1.94802904129  
0.139372989535 0.303627967834 -1.72645401955  
-0.353794664145 -0.277842819691 -1.73135340214  
-0.810148358345 0.312979370356 -1.47041881084  
-0.926815032959 -0.352175503969 -1.9798078537  
-0.505824923515 -0.82917034626 -1.91699373722  
-0.104755327106 -0.58885461092 -1.26000785828  
0.636890947819 -0.655225157738 -0.519991934299  
0.959806501865 -0.88257676363 -0.302798867226  
0.853103280067 -0.738964855671 0.312228322029  
0.913868010044 -0.690893769264 0.901233434677  
0.445948570967 -0.251376420259 0.808356702328  
-0.203965514898 0.557618021965 0.270393490791  
-1.17583096027 0.338464349508 0.609579741955  
-1.23009824753 0.458412617445 1.20698046684  
-1.16388130188 -0.287919580936 1.07459688187  
-0.809599101543 -0.854360640049 1.50445091724  
-0.708686411381 -1.37309360504 0.717533707619  
-0.715269088745 -1.28308832645 -0.429552406073  
-0.103803627193 -0.370232701302 -0.330264925957  
-0.664506196976 0.263443529606 -0.285140663385  
-0.275606691837 0.452033787966 0.426254242659  
-0.722385108471 0.8043653965 -0.0965435877442  
-0.595399022102 0.558508872986 -0.605212211609  
0.0070796944201 0.00574588868767 -1.12423038483  
0.28180873394 -0.342504709959 -0.801962196827  
0.0721388459206 -1.05216181278 -0.837281942368  
0.0233440957963 -0.173696815968 -1.24101018906  
-0.0135317035019 -0.745768070221 -0.945860743523  
-0.144930586219 -0.614717900753 -1.33164262772  
-0.591641366482 -0.0559468455613 -1.56153488159  
-0.786060094833 0.124531418085 -1.44852077961  
-0.634089291096 0.152502119541 -1.00466227531  
-1.67638897896 0.299141615629 0.433952093124  
-1.41062200069 -0.695837080479 -0.191451519728  
-1.0897936821 -0.0275791846216 -1.3837646246  
0.000251610559644 0.779496729374 -2.40516638756  
-0.819961488247 0.44277971983 -1.5468506813  
-0.299590706825 -0.219640657306 -1.55525827408  
0.136053413153 -0.788828492165 -2.21546339989  
0.22597424686 -0.789396047592 -1.98808431625  
0.000900985149201 -0.20494890213 -1.82407188416  
-0.3110204041 0.181989654899 -2.25906395912  
-1.11215043068 -0.356128036976 -2.00429654121  
-0.623645246029 -0.095553457737 -0.998782813549  
-0.130406230688 -1.00337636471 -1.41202199459  
-0.332566440105 -0.563596844673 -1.24630689621  
0.0378409214318 -0.636563539505 -1.1426153183  
0.99280244112 -0.495929688215 -0.91712808609  
1.01088213921 -0.292642146349 -0.465548038483  
0.412999480963 -0.937945902348 0.262666046619  
-0.149717956781 -1.31710112095 1.0316286087  
-0.464182704687 0.0396138355136 0.381217777729  
-1.19935798645 0.184317290783 -0.096793435514  
-1.25099277496 0.368852227926 0.763176202774  
-0.957231044769 -0.0985028743744 0.149723738432  
-1.18033564091 -0.795599102974 0.0302321296185  
-0.700077474117 -0.833342909813 -0.0406630001962  
0.000364214414731 -1.3737257719 -0.63732367754  
-0.175031453371 -0.33450871706 -0.286578416824  
-0.507832407951 -0.30158752203 0.0648069903255  
-0.262303471565 -0.00768331205472 0.305798888206  
0.017230251804 0.489253073931 -0.0735310539603  
-0.364664673805 0.553857862949 -0.279005646706  
-0.338029384613 -0.671261668205 -0.956200003624  
0.0167171061039 -1.4440625906 -0.452200353146  
-0.224488556385 -1.31096124649 0.159358769655  
-0.107713863254 -0.668415307999 -0.399320483208  
-0.0521422699094 -0.579402983189 -0.262609750032  
-0.133764475584 -0.705883622169 -0.00604645069689  
-0.531352937222 -0.387653052807 -0.813342452049  
-0.973550379276 -0.229867652059 -1.4611325264  
-0.866685986519 -0.035930197686 -1.35907483101  
-1.66092479229 -0.202396139503 -0.220817178488  
-1.3446201086 -0.904547393322 -0.652625441551  
-0.692755103111 -0.319206416607 -1.13550519943  
-0.359676927328 0.348516047001 -2.1028983593  
-0.640046656132 0.483297109604 -1.94497275352  
-0.297670185566 -0.0240922216326 -1.49268317223  
0.439522087574 -0.640261948109 -2.27881908417  
0.130869925022 -0.751217246056 -1.40604400635  
-0.155241966248 -0.502697944641 -1.29963386059  
0.210500270128 0.0141121288761 -1.07452392578  
-0.29178839922 -0.0745193958282 -0.859309852123  
-0.145683765411 0.602162778378 -0.38534411788  
-0.472199261189 -0.0317470356822 -1.28302741051  
-0.925612509251 -0.0372433848679 -1.0660122633  
-0.120846301317 -0.229146778584 -1.10974240303  
0.892680048943 -0.22766597569 -0.664076983929  
0.728955388069 -0.551538944244 -0.0868597254157  
-0.0630536228418 -0.871599197388 0.256080597639  
-0.271946489811 -0.755154252052 0.527951478958  
-0.730178892612 -1.03680050373 0.347654134035  
-0.611591398716 -0.623767197132 0.140035137534  
-1.52727532387 0.135162577033 0.594205141068  
-1.24747562408 -0.337646365166 -0.0304408855736  
-1.06797111034 -0.695502817631 -1.03637492657  
-0.982739925385 -1.23840403557 -0.458361238241  
-0.427107334137 -0.986918568611 -0.131006374955  
-0.26493293047 -0.429294884205 -0.145184263587  
-0.358064621687 -0.558630526066 -0.044963799417  
-0.82908809185 -0.284578710794 0.169963628054  
-0.553109109402 0.325183928013 0.289209038019  
-0.62174898386 0.443744838238 -0.519751369953  
-0.519899666309 -0.848249197006 -0.793271541595  
-0.679923415184 -1.67094421387 -0.44024002552  
-0.774160265923 -1.32457971573 -0.587644994259  
-0.24320320785 -0.520520567894 -0.110547028482  
-0.55297088623 -0.631291508675 -0.722966790199  
-0.298965543509 -0.550110280514 -0.142048001289  
-0.200339928269 -1.16557693481 -0.374554753304  
-1.18868553638 -0.478952258825 -0.828622221947  
-1.23826229572 0.00090262608137 -1.13145315647  
-2.31349897385 -0.637744486332 -0.495564848185  
-1.03245353699 -0.347044974566 -1.1936879158  
-0.64805316925 -0.210312098265 -2.19605445862  
-0.764779567719 0.743217647076 -2.16924095154  
-1.47613489628 0.576247096062 -1.87806534767  
-0.477569550276 -0.184504345059 -0.853102624416  
-0.384093791246 -0.215767666698 -1.35916852951  
0.136448964477 -0.757346630096 -0.980862617493  
0.126326397061 -0.71975684166 -0.701582193375  
0.393358081579 -0.13896612823 -0.520065128803  
0.402890890837 0.173482701182 -1.21169531345  
0.119128353894 0.937998831272 -1.24230003357  
-0.388832062483 0.352715671062 -0.837475836277  
-1.11909890175 -0.0241754390299 -1.20234537125  
-0.247321531177 -0.590271174908 -1.34237444401  
0.569619059563 -1.13312888145 -0.636720776558  
0.43474522233 -1.16593658924 0.25172573328  
-0.0261267051101 -0.943570971489 -0.0952880010009  
0.194815859199 -0.958890080452 -0.525823712349  
-0.157332792878 -1.10792398453 -0.344976395369  
-0.052169084549 -0.901379525661 -0.31682112813  
-0.435716867447 -1.12887811661 -0.376248240471  
-0.965569376945 -1.83013129234 -0.35737067461  
-1.25310719013 -1.68213009834 -1.1907736063  
-0.579143941402 -1.33942770958 -0.698723912239  
-0.22310718894 -0.0934771001339 -0.408566087484  
-0.836722314358 0.278490394354 -0.0701641067863  
-0.726446032524 -0.188704356551 -0.598460912704  
-1.17599868774 -0.383980333805 -0.487575441599  
-0.914493620396 -0.496737807989 -0.734602093697  
-0.917514443398 -0.292953312397 -0.715355217457  
-1.06125795841 -1.24264800549 -1.41411793232  
-1.17845153809 -1.80528914928 -0.0609796792269  
-1.05242609978 -1.09615814686 -0.0728569552302  
-0.91341149807 0.0498985722661 -0.303027033806  
-0.888564825058 -0.425662696362 -1.27251446247  
-0.80845195055 -0.788447737694 -0.413836419582  
-0.406290501356 -1.57635200024 -0.357679247856  
-0.540011584759 -0.965790569782 -0.750815272331  
-0.946126163006 -0.591423511505 -0.877032637596  
-1.55808269978 -0.490068048239 -0.0638019666076  
-1.23915553093 -0.597616136074 -2.59949207306  
-0.460710585117 0.0369173586369 -2.22651457787  
-1.08155882359 0.115709111094 -1.81232357025  
-1.59943938255 -0.307366758585 -1.47752630711  
-0.932171165943 -0.50508838892 -0.952439785004  
-0.627355873585 -0.528190612793 -0.533954381943  
-0.51251667738 -1.41474235058 -0.503620862961  
-0.724278569221 -0.671513795853 -0.291354835033  
-0.247096285224 0.0749164000154 -0.475913792849  
0.128419980407 0.932092428207 -1.07734000683  
-0.227681100368 0.896373808384 -1.35278022289  
-0.473047107458 -0.544793963432 -1.11320698261  
-0.855545043945 -0.792152583599 -1.19801616669  
-0.742859780788 -0.632454514503 -1.21203839779  
0.12361061573 -1.18536806107 -0.566659331322  
0.850183665752 -0.876600980759 -0.875977993011  
0.0128206238151 -1.57071077824 -0.518572509289  
0.110043622553 -1.64260816574 -1.2204477787  
0.539568901062 -1.36768376827 -0.701457560062  
0.145603954792 -1.23905420303 -0.719968080521  
0.49722763896 -1.65717196465 -0.628478467464  
-0.617232382298 -1.59384787083 -0.914337694645  
-1.59845399857 -1.62559664249 -0.957968235016  
-1.24424350262 -1.82772433758 -0.412481129169  
-0.574817180634 -0.415301114321 -0.0529062412679  
-0.584463834763 -0.496157795191 -0.408155143261  
-0.939839959145 -0.708783209324 -0.100289873779  
-1.34064769745 -0.0711964443326 -0.61307144165  
-0.943882405758 -0.546483397484 -0.257281184196  
-1.30127847195 -0.57245695591 -0.682808935642  
-1.33017969131 -1.45222127438 -0.707631409168  
-1.55536472797 -1.9518250227 0.133339449763  
-0.637842953205 -0.60932379961 -0.054670099169  
-1.03743076324 0.180059969425 -0.51168012619  
-0.367451876402 0.0289295706898 -0.621503472328  
0.244506284595 -0.89080786705 -0.675779938698  
-0.22484742105 -0.918334782124 0.263599723577  
-0.359681338072 -1.17460823059 -0.432358413935  
-0.446229696274 -1.31710803509 -0.627992212772  
-1.7948936224 0.515425026417 0.735927760601  
-1.44679367542 -0.0610805749893 -1.05150461197  
-0.901765286922 0.0913858488202 -2.27690601349  
-1.01259851456 -0.128959089518 -2.06304788589  
-1.42037832737 0.0291777383536 -1.44044518471  
-1.2725366354 -0.246650442481 -0.366843312979  
-0.885047912598 -0.636753857136 -0.278230071068  
-1.15497040749 -0.918622672558 -0.449083775282  
-1.82476234436 -0.484955579042 -0.895718693733  
-1.21344208717 0.180211812258 -0.580712199211  
-0.568966567516 1.17160022259 -0.796975553036  
-0.490482002497 0.921465158463 -0.8448138237  
-0.589826107025 -0.036608427763 -1.28164994717  
-0.58367317915 -0.331318825483 -1.37334370613  
-1.25085234642 -0.178022161126 -1.25129294395  
0.0576303862035 -1.09261655807 -1.31452441216  
1.04882597923 -0.872957587242 -1.58001184464  
0.928944349289 -1.10122811794 -1.07503187656  
0.683434844017 -1.39032721519 -1.49415767193  
0.889048695564 -1.65371203423 -0.669072568417  
0.230957597494 -1.61546444893 -0.664842307568  
-0.436418771744 -1.64181363583 -0.751839876175  
-0.68872064352 -1.49034750462 -1.20831227303  
-0.80509108305 -1.72071707249 -0.878545820713  
-0.782682061195 -1.41490530968 -0.280777752399  
-0.426803022623 -0.994727492332 0.622168064117  
-0.234742149711 -0.584151387215 0.150232776999  
-0.172590777278 -0.493793159723 0.0206963308156  
-0.737986862659 -1.0623395443 -0.255280852318  
-0.568241000175 -1.15145885944 -0.437422454357  
-0.910034120083 -0.928870558739 -0.696552813053  
-1.26508259773 -1.77729690075 -0.741296231747  
-0.444233804941 -1.54193532467 -0.0163241922855  
-0.532538056374 -0.543872416019 -0.645389199257  
-0.893710553646 -0.093955039978 -0.691786587238  
-0.30758574605 -0.521786808968 -1.27776396275  
-0.41452986002 -0.702824950218 0.0486088171601  
-0.574110329151 -1.53489506245 0.590293705463  
-0.566684901714 -1.61163914204 -0.332230806351  
-0.572931289673 -0.505622088909 -0.209600016475  
-1.89247977734 -0.195558309555 0.992052912712  
-1.41479301453 -0.337417930365 0.745466768742  
-1.44389760494 -0.327425152063 -0.553139507771  
-1.52050936222 -0.169737115502 -1.51943361759  
-1.42022526264 -0.17178016901 -1.42109942436  
-1.2845107317 -0.797495901585 -0.834239304066  
-1.50167655945 -0.390595465899 -0.717938423157  
-1.55831539631 -0.902125537395 -0.423357963562  
-1.34523892403 -0.26463124156 -0.270891100168  
-1.56508648396 0.427411645651 -0.628835618496  
-1.10262179375 0.838381946087 -0.306638479233  
-0.735989749432 0.758097648621 -0.761644363403  
-0.645917475224 0.318539738655 -1.39402222633  
-0.675010800362 -0.358573585749 -1.87023854256  
-0.543107688427 -0.00429601874202 -2.11594581604  
-0.140870541334 -0.412452071905 -2.25801420212  
0.64822191 -0.497482210398 -1.86675190926  
0.294230282307 -1.11443328857 -1.71039533615  
0.270892351866 -1.23726141453 -0.927958965302  
0.315049558878 -0.938523948193 -0.812558233738  
-0.26015201211 -1.25312662125 -0.384351491928  
0.28999003768 -1.41644048691 -0.472891658545  
-0.330097824335 -1.51815617085 -0.917554199696  
-0.679030656815 -1.66303098202 -1.37400603294  
-0.10420717299 -1.39852678776 -0.443760126829  
0.0538598410785 -1.0187612772 0.394445091486  
-0.622887551785 -0.333258628845 0.89166200161  
0.0231516938657 -0.766589224339 0.75384837389  
-0.45406511426 -0.786101222038 0.715684592724  
-0.802027583122 -0.937490105629 0.375897198915  
-1.24070298672 -1.39848291874 -0.078972376883  
-1.37698125839 -1.11128294468 -0.479067206383  
-1.2589789629 -1.25957691669 -0.398298203945  
-0.217187389731 -0.85161370039 -0.734815835953  
-0.51356357336 -0.651645541191 -1.12254714966  
-0.273393243551 -1.1253401041 -0.811074018478  
-0.499448686838 -1.16091263294 -0.34048768878  
-0.760391592979 -1.56647574902 0.0451030097902  
-0.950715720654 -0.391661554575 -0.234411403537  
-0.665094077587 1.32403671741 0.505708813667  
-1.09883522987 -0.388671278954 0.750471591949  
-0.629363358021 -0.120212636888 0.504518866539  
-0.970115423203 -0.0614866949618 0.56978225708  
-1.30708515644 -0.335091859102 -0.587347507477  
-2.13719582558 -0.549543440342 -0.483517885208  
-1.48762118816 -0.720016002655 -0.504873216152  
-1.30896985531 -0.580646336079 -0.865888834  
-1.00258088112 -1.05898225307 -0.508539259434  
-1.47952711582 -0.462080329657 0.0328518562019  
-0.780408620834 -0.157855182886 -0.526265144348  
-0.63954436779 0.761974453926 0.452737361193  
-0.516603767872 0.865257441998 -0.497110188007  
-0.821127712727 0.00140232499689 -2.08722758293  
-0.848348021507 -0.962602078915 -2.14203310013  
0.0146553413942 -0.855733811855 -1.83907663822  
-0.404776930809 -0.604583084583 -2.28235268593  
-0.0834560841322 -0.972593009472 -2.19566512108  
-0.841939270496 -0.881455779076 -1.8430621624  
-0.508308231831 -0.723422110081 -0.917614102364  
0.0391744598746 -0.752422690392 -0.450775116682  
-0.619168996811 -0.757027924061 -0.222509458661  
-0.283140778542 -1.05892789364 -0.252477705479  
-0.446028858423 -1.04704093933 -0.342412889004  
-0.353727847338 -1.18398296833 -0.526460826397  
-0.101993881166 -1.43643939495 -0.521088659763  
-0.375949621201 -1.04243922234 -0.0355116836727  
-0.0555549263954 -1.36663448811 0.590145111084  
-0.334883004427 -0.645196199417 0.587339162827  
-0.0781012997031 -0.955098986626 0.150260955095  
-0.356409668922 -0.928401350975 0.515089273453  
-0.969132661819 -1.3842587471 0.00425269035622  
-1.0059762001 -0.872329056263 -0.65703690052  
-0.438701093197 -0.957274019718 -0.013874867931  
-0.0870141610503 -0.788416564465 -0.352755844593  
-0.440022051334 -0.564638316631 -0.461411118507  
-0.661281168461 -1.18692195415 -0.133091658354  
-0.418450444937 -1.05187416077 -0.276219964027  
-0.466198474169 -0.99323284626 -0.0749557986856  
-0.23451474309 0.24848882854 0.0990158841014  
-0.653210937977 1.10338079929 -0.377510398626  
-1.35585618019 -0.377930134535 0.589581429958  
-0.835275352001 -0.702736496925 -0.00586943654343  
-1.06009173393 -0.118077777326 0.371179491282  
-1.24029386044 0.0448075048625 -0.240073651075  
-1.68699169159 0.0610111579299 -0.710195243359  
-1.44478750229 -0.288878649473 -0.78708344698  
-0.553753316402 -0.257222771645 -1.06748402119  
-1.193146348 -0.277770519257 -0.94248598814  
-1.33017468452 -0.854525983334 -0.808639466763  
-0.198343083262 -0.825015246868 -1.01447093487  
0.164755418897 0.0567532740533 -0.476224958897  
-0.676888108253 0.705471277237 -0.64435839653  
-0.719442307949 -0.240425512195 -2.04407858849  
-1.49763035774 -1.31745934486 -1.71443676949  
-0.929956555367 -1.00285077095 -1.78196227551  
-0.855679929256 -1.05522716045 -1.69749474525  
-0.878435194492 -0.878999650478 -1.57500767708  
-1.30160486698 -0.409853756428 -1.17424297333  
-1.33678507805 -0.627991199493 -1.09303867817  
-0.975515961647 -1.04096603394 -0.558522820473  
-0.796810567379 -0.733610868454 -0.255646646023  
-0.13578531146 -1.37646996975 -0.272714048624  
-0.462190747261 -0.861852228642 -0.346270620823  
-0.301407277584 -1.00727391243 -1.10505020618  
0.325488954782 -1.35959339142 -0.570690393448  
-0.342115372419 -1.16917848587 -0.574833869934  
-0.537373483181 -0.863472998142 -0.299574881792  
-0.583833277225 -0.314696460962 -0.380080729723  
-0.0457980893552 -1.04628205299 -0.0615584477782  
-0.349718242884 -0.767538011074 0.248350486159  
-0.691533267498 -0.579275727272 0.319125056267  
-1.00330448151 -0.562667608261 -0.266231954098  
-0.478372871876 -0.600191891193 0.139892205596  
0.62645637989 -0.245549783111 0.89429473877  
-0.257184445858 -0.772675156593 0.0529249161482  
-0.314498573542 -0.219727113843 -0.463976353407  
-0.784496188164 -0.293150186539 -0.417931735516  
-0.959260880947 -0.44029083848 -0.30840715766  
-0.742435336113 -0.311066925526 -0.825770616531  
-0.601293563843 0.325625002384 -1.74019670486  
-0.619664549828 -0.591239392757 0.0575683899224  
-0.780547976494 -0.36137932539 0.459008723497  
-1.53794229031 -0.166695430875 0.196418702602  
-1.36093664169 -0.234955132008 -0.290461301804  
-0.946923136711 0.24606525898 -0.547189950943  
-1.0722258091 0.444241881371 -0.664123654366  
-1.09926259518 0.0960420072079 -0.764075100422  
-0.768041312695 -0.395699799061 -0.882635891438  
-0.791763424873 -1.06460416317 -0.937609374523  
-0.453959316015 -1.08584070206 -0.862422704697  
0.471018195152 -0.00721585424617 -0.738656044006  
-0.63274616003 -0.291968524456 -1.231143713  
-0.476069808006 -1.45247018337 -1.80110740662  
-1.26715087891 -1.15156769753 -2.08560585976  
-1.04340684414 -0.569142818451 -1.51742482185  
-0.874972701073 -0.58211004734 -1.60515773296  
-0.426846861839 -0.166694715619 -1.17724871635  
-0.610394537449 0.04916209355 -0.98057115078  
-1.41194963455 -0.690965473652 -1.03828585148  
-1.00540328026 -0.653760552406 -0.447987496853  
-0.829186737537 -0.895598888397 -0.784137547016  
-0.0915657877922 -1.36001098156 0.0872101187706  
0.039542440325 -0.585517883301 -0.574271261692  
0.0526075661182 -0.480211943388 -0.875149011612  
-0.38753131032 -0.615014731884 -0.559171497822  
-0.591073572636 -0.784910023212 -0.765339970589  
-0.307160288095 -0.88555008173 -0.367537677288  
0.0474020577967 -1.30362761021 -0.281145483255  
0.39877218008 -1.22443294525 0.158485725522  
0.136490955949 -0.757700383663 -0.0163739603013  
-0.559378504753 -0.476370632648 0.488189578056  
-0.55882614851 -0.299043446779 -0.0746082738042  
-0.541676640511 -0.752819955349 -0.438618332148  
0.128613635898 -0.987964987755 0.219075292349  
0.257399827242 -1.52852857113 -0.399932682514  
-0.417848855257 -1.27176594734 -0.627993285656  
-0.325810730457 -0.580990672112 -0.919569730759  
-0.163529604673 -0.452440232038 -0.155705958605  
-0.314379602671 -0.589639186859 -0.89735019207  
-0.403878331184 0.596951365471 -1.70532822609  
-1.22635376453 -1.16373956203 -0.506949365139  
-1.09713864326 -0.820723414421 0.334526896477  
-1.14504110813 -0.179971665144 0.0541443601251  
-1.35573911667 0.501428842545 -0.162829905748  
-0.877424538136 0.352195650339 -0.249585866928  
-0.702956616879 0.0899725779891 -0.477437973022  
-0.807427287102 -0.00613556150347 -1.16850495338  
-0.0352781414986 0.53337687254 -1.33727252483  
-0.949681699276 -0.241899892688 -1.21244764328  
-0.656113445759 -0.237041920424 -0.416348308325  
-0.00264936476015 -0.0450990349054 -0.712990522385  
-0.994161307812 -0.342867463827 -1.21081423759  
-0.885941743851 -1.77067780495 -2.04337453842  
-1.66900968552 -1.19903671741 -1.60232651234  
-0.80015039444 -0.839510142803 -1.36103320122  
-0.901401400566 0.00537375360727 -1.90558671951  
-0.589154720306 -0.0699210986495 -1.06474125385  
-0.640425682068 -0.177749291062 -0.739589691162  
-0.533412218094 -0.757743477821 -0.678490400314  
-0.480312913656 -0.98639446497 -1.23529160023  
-0.498488247395 -1.02510428429 -0.942217350006  
-0.35356593132 -1.43041622639 -0.486177533865  
-0.240548714995 -1.03950786591 -0.733332574368  
-0.0392262376845 -1.00753319263 -0.282299250364  
-0.0157664101571 -1.02050030231 -0.310855299234  
-0.13846835494 -0.185422375798 -0.581064641476  
-0.561386108398 -0.753794491291 -0.388690441847  
-0.184833526611 -0.991812169552 -0.820413827896  
0.133002132177 -0.779345214367 -1.24729990959  
0.232989281416 -1.37355840206 -0.635884523392  
-0.355047643185 -0.682442128658 -0.377608180046  
-0.486444741488 -0.0449303463101 -0.189550772309  
-0.168753430247 0.266963273287 -0.275365263224  
-0.0662292018533 -0.627333343029 -0.979788780212  
-0.360352218151 -1.39693295956 -0.977742433548  
-0.16934761405 -1.29106414318 -0.858984768391  
-0.389425724745 -0.639250516891 -1.01316106319  
-0.131595790386 -0.163625493646 -0.813923478127  
-0.631709456444 -0.198662251234 -0.770379424095  
-0.646826982498 -0.0340955220163 -1.43884015083  
-1.0062276125 -0.871450006962 0.00698405783623  
-1.27956330776 -0.649724066257 0.71328151226  
-0.525000154972 0.387706190348 0.398441702127  
-0.494506806135 0.495829343796 -0.27130267024  
-0.668764829636 0.74920386076 -0.235501408577  
-0.868903517723 0.218641772866 -0.4442884624  
-0.832466125488 0.218377158046 -0.503000855446  
0.0281284376979 0.434195607901 -0.899538218975  
-0.375503718853 0.027547435835 -0.504627883434  
-0.767206966877 0.427929371595 -0.487662285566  
-0.955665886402 0.0950279161334 -1.30123066902  
-1.4506829977 -0.950057923794 -1.02803850174  
-1.38396632671 -1.35942900181 -1.60464441776  
-0.827745735645 -1.03904414177 -1.21459114552  
-0.935179531574 -0.43199133873 -1.19205534458  
-0.612977206707 -0.116807512939 -1.10549640656  
-0.0312154274434 -0.0556571632624 -0.388152718544  
0.383251339197 0.301951259375 -0.245795592666  
0.356123805046 -0.163204208016 -0.504793047905  
0.21791908145 -0.759620070457 -0.878493726254  
-0.145466402173 -1.76550471783 -1.20056569576  
-0.228718489408 -1.17450094223 -0.600670814514  
-0.103157244623 -0.99110943079 -0.311036258936  
0.00238718511537 -1.6110779047 -0.305226713419  
0.176226019859 -1.04385173321 -0.941639602184  
0.179464116693 -0.603354930878 -1.53199231625  
0.188090980053 -0.967714130878 -1.33835113049  
-0.0400768108666 -0.69619333744 -1.18275201321  
-0.105935633183 -1.37429487705 -1.42873370647  
0.326600044966 -1.79672372341 -1.38151705265  
0.26555493474 -0.822671294212 -1.66128432751  
-0.826265692711 -0.196333989501 -1.12102615833  
-0.144087195396 -0.817222177982 -0.0427456460893  
-0.0714279711246 -1.43834376335 -0.553482353687  
0.193387195468 -1.72512507439 -0.753817677498  
0.0468915849924 -0.880992054939 -0.291608214378  
0.275274634361 -0.915882408619 -0.737464368343  
0.11480216682 -0.648462533951 -1.58359074593  
-0.969067811966 -0.176400199533 -1.24873030186  
-0.955683410168 -0.315676808357 -1.65450942516  
-1.59286820889 0.0683216378093 0.129940494895  
-1.06224417686 0.134382769465 0.623810768127  
-0.711991965771 0.224993094802 0.310508310795  
-0.147872567177 0.32762992382 -0.00855610519648  
-0.596294760704 0.424908280373 -0.270893454552  
-0.447505772114 0.777132809162 -0.0730185061693  
0.0913228318095 0.861269295216 -0.641256392002  
-0.216926202178 0.699325978756 -1.08579301834  
-0.0428653471172 0.422094106674 -0.847743868828  
-0.542151391506 0.689098834991 -1.43170416355  
-0.814053058624 1.02541732788 -1.32926142216  
-0.993509292603 -0.424919635057 -0.6013661623  
-0.773535251617 -1.24994933605 -0.723115444183  
-0.909679591656 -0.10838611424 -1.50391900539  
-0.765633881092 1.22856473923 -1.07957315445  
-0.24542209506 0.802337646484 -0.657590687275  
-0.126636192203 0.352410972118 -0.287238448858  
1.25310325623 0.0113205183297 -0.267785936594  
0.943926513195 -0.197198823094 -0.648290932178  
0.515199661255 -0.87768894434 -0.989721119404  
0.391591995955 -1.37460255623 -0.94361025095  
-0.181049823761 -1.36560237408 -0.831006884575  
-0.0244036410004 -1.03702366352 -1.17827939987  
0.159757480025 -1.20418858528 -0.96922314167  
0.0612413436174 -1.04155731201 -1.32319283485  
0.434987157583 -0.461234599352 -1.67698812485  
0.195078253746 -0.831264317036 -2.13584208488  
-0.336275547743 -0.944934368134 -1.53474986553  
-0.106840029359 -1.38089823723 -1.26121783257  
0.192454457283 -1.95550763607 -1.45487833023  
-0.249150648713 -2.32174038887 -1.13982713223  
-0.383143752813 -1.09082829952 -0.946700692177  
-0.189547553658 -0.913320183754 -0.501999974251  
0.792023122311 -1.18831968307 -0.671553552151  
0.123996846378 -0.999513089657 -0.481345385313  
0.361566364765 -0.688265383244 -0.507330834866  
0.420318573713 -0.500494897366 -0.726736545563  
0.0856133699417 -0.74800413847 -1.37017345428  
-0.931657016277 -0.0310023222119 -1.49290835857  
-1.39132118225 0.271498143673 -1.68537271023  
-0.295984655619 0.14418271184 0.5975664258  
-0.21577103436 0.183926567435 0.704720020294  
-0.546632945538 0.443998605013 0.318884283304  
0.0639902427793 0.508076667786 0.149151906371  
-0.554645001888 0.88710385561 0.148685336113  
-0.394987463951 0.922553539276 0.178739413619  
-0.540601730347 1.10379445553 -0.287318170071  
-0.529325187206 1.19144237041 -0.505716085434  
-0.474093914032 1.20928740501 -1.1161711216  
-0.299494087696 0.822414755821 -1.06967592239  
-0.663320481777 0.226667866111 -1.22912943363  
0.234172478318 -0.0406822636724 -0.868126153946  
0.263789087534 -0.500631511211 -0.895836532116  
0.284911811352 0.512478232384 -0.907009720802  
0.0632402747869 1.84118568897 -0.920386016369  
0.420308083296 1.28166115284 -0.266476720572  
0.637822329998 1.09648501873 -0.0886442810297  
0.873874425888 0.390687644482 -0.242802217603  
1.08574151993 -0.161765620112 -0.917236030102  
0.414863735437 -1.61759674549 -1.16398847103  
0.215749546885 -0.577736079693 -1.5044965744  
0.44890588522 -0.448107033968 -1.10484826565  
0.60020172596 -0.0766145884991 -0.0867754369974  
0.637915790081 -0.975215256214 -0.529860556126  
0.338532418013 -0.82603931427 -0.80194914341  
0.673711359501 -0.556481361389 -1.64936971664  
0.233532071114 -0.870370447636 -1.46134591103  
-0.0145706450567 -0.738090634346 -1.34941709042  
0.126396656036 -1.52329075336 -1.41943788528  
-0.529799222946 -2.16834878922 -1.0133690834  
-0.48765578866 -1.5962998867 -0.986921429634  
-0.218936279416 -1.17486417294 -1.08887350559  
0.33109152317 -0.650108397007 -0.401226192713  
0.33090081811 -0.597183167934 -0.0536959506571  
-0.19020165503 -0.89707583189 -0.123590908945  
0.365172535181 -0.908366978168 -0.818285822868  
0.0723521411419 -0.807261109352 -0.285907864571  
-0.271206498146 -0.478962570429 -0.572449564934  
-0.520649254322 -0.160803824663 -0.322644084692  
-1.65998899937 0.463929027319 -0.772040605545  
0.997808218002 0.0016410612734 0.619677603245  
0.966803789139 0.245041698217 0.292782634497  
0.549426615238 0.629311561584 0.800328493118  
0.609203457832 1.02580797672 0.0314880460501  
0.158578798175 0.799760222435 0.210031524301  
-0.372691363096 1.42110204697 0.479488432407  
-0.264970988035 1.28345251083 -0.367334842682  
-0.778645157814 1.29219174385 -0.970040380955  
-0.632606506348 1.16281986237 -1.26326537132  
0.0344097651541 0.890254676342 -1.20160782337  
-0.379740655422 0.841285407543 -1.14798474312  
0.170079320669 0.124957583845 -1.1588203907  
0.106733009219 -0.151901990175 -1.30652916431  
0.716499626637 0.985958755016 -1.48066115379  
0.165239095688 1.19581961632 -0.921494007111  
0.748716533184 1.27571904659 -0.561174094677  
0.668820500374 1.03971004486 -0.23968359828  
0.465524464846 0.546508014202 -0.364681988955  
0.597645401955 -0.251221597195 -0.668186903  
0.617685198784 -0.680599272251 -1.02197957039  
0.858282029629 -0.513357698917 -1.42565250397  
0.677612364292 -0.526061356068 -0.907148897648  
1.24456739426 -0.790345907211 -0.37823009491  
0.634174048901 -1.59976553917 0.13027369976  
0.750627100468 -1.13779556751 -0.475174605846  
1.33962571621 -0.181943178177 -1.15434777737  
0.310399323702 -0.131313309073 -0.940290093422  
0.172701984644 -0.950163066387 -1.02291214466  
-0.505583405495 -1.64689362049 -1.40832293034  
-0.931828796864 -2.13715076447 -1.5155724287  
-1.18971526623 -1.69267308712 -1.10089612007  
-0.373055458069 -0.548597157001 -0.947165191174  
-0.489909172058 -0.783950567245 -0.383507311344  
0.0164393763989 -0.389633744955 -0.664827942848  
0.48928180337 -0.825688779354 -0.839767277241  
0.0138911986724 -1.27483332157 -1.03247666359  
0.401027083397 -1.07368278503 -0.306555688381  
-0.0139179844409 -0.947444677353 -0.0115335201845  
0.440415531397 -0.514867424965 -0.0330863185227  
-0.367177754641 0.15289466083 -0.409618467093  
