0.769422471523 1.70627677441 0.874390721321  
0.990812957287 0.731435060501 0.260255724192  
0.819514513016 0.0460309237242 -0.732488691807  
0.831248700619 -0.0269225463271 0.546929359436  
0.150739088655 -0.137554481626 1.28583216667  
0.167638316751 0.6243942976 0.724674761295  
0.260470122099 0.946997344494 -0.362522155046  
0.233670607209 0.765734493732 0.135464414954  
0.405545592308 0.50999724865 0.587836503983  
0.357729882002 0.0400974303484 0.58772033453  
0.274971991777 -0.301891714334 -0.224245518446  
-0.117218501866 -0.193023011088 -0.104606449604  
-0.16585251689 -0.824806928635 -0.136720135808  
-0.164492949843 -1.24862992764 -0.169413134456  
-0.745449304581 -0.874924600124 -0.8782107234  
-0.5357812047 -1.06419074535 -0.41487121582  
-0.536973714828 -0.849833250046 -0.241085067391  
0.18654230237 -0.54950684309 -0.5071439147  
1.07563579082 0.142252460122 -0.576356768608  
1.03559851646 -0.412081867456 -0.0436114892364  
1.31087100506 -0.0832790359855 -0.161361172795  
0.820358455181 0.658624172211 -0.0395038761199  
0.820169150829 1.03364753723 0.0860317796469  
0.455989986658 0.960539221764 -0.773712158203  
0.113270565867 0.689128279686 -0.610126197338  
0.0718147605658 0.776382982731 -0.0664389804006  
0.435515642166 0.564018726349 -0.506959199905  
0.776691317558 -0.209712848067 -0.140048697591  
0.52302724123 0.202607363462 -0.796832978725  
0.00909940898418 0.286120116711 -0.710427463055  
-0.0680121779442 -0.778635382652 -1.40228104591  
-0.403684794903 -1.48243033886 -1.74769079685  
-0.0239079352468 -1.38566482067 -1.13595020771  
-0.114674061537 -1.26777637005 -1.54906535149  
-0.0170348472893 -1.63936555386 -0.724070549011  
0.633162796497 -1.49716436863 -0.444679737091  
-0.142417237163 -1.55719852448 -0.398770213127  
-0.227212518454 -2.44416999817 -0.392921209335  
0.0726465210319 -2.66157698631 -0.38961571455  
0.192222520709 -2.87508606911 -0.770675957203  
0.333635896444 1.84708929062 0.725237369537  
0.180519387126 0.642899632454 0.484193712473  
0.939982235432 0.620979130268 -0.00585579313338  
0.703593373299 0.483481913805 0.183775261045  
0.619567215443 0.464085578918 0.707754671574  
1.17809951305 1.02386617661 0.381534576416  
1.24061942101 0.795531928539 0.33817589283  
0.0994630530477 0.386381953955 0.162147521973  
0.0703194588423 0.698768436909 0.155369088054  
0.589851200581 0.708003878593 0.00852768402547  
0.934218466282 0.0550884716213 -0.79171615839  
0.594779312611 -0.777461707592 -0.468093127012  
0.362086623907 -1.03521704674 -0.779875993729  
0.00381619064137 -0.960007667542 -1.06389832497  
-0.203535139561 -0.41680380702 -1.38507974148  
0.246132135391 -0.952235996723 -0.135280102491  
0.349812179804 -0.515019237995 -0.0839689001441  
0.182567805052 -0.368251651525 -0.0521873496473  
0.958995044231 -0.618667840958 -0.26082149148  
1.11220443249 -0.427270144224 -0.185442790389  
1.22396111488 0.0194881223142 0.0529025606811  
0.862608671188 0.213310107589 0.088120944798  
0.729225277901 0.865682244301 0.362052887678  
0.507572889328 0.489206552505 -0.243663176894  
0.481995642185 0.189073354006 -0.572864294052  
0.066921710968 0.0110065322369 -0.649233043194  
-0.033776588738 -0.219174578786 -0.529412090778  
0.222168415785 -0.823919653893 -0.394572138786  
0.44009283185 -0.569763958454 -0.645896732807  
0.189268678427 0.369807958603 -0.352142453194  
0.20958584547 -0.606777191162 -1.46556639671  
0.33454439044 -1.79619956017 -1.88343155384  
0.424699664116 -1.51658987999 -1.12981772423  
-0.397807180882 -1.75701725483 -1.29131793976  
-0.0677203536034 -1.38392901421 -1.31329071522  
-0.0214378125966 -1.42403769493 -0.456852465868  
0.0976739302278 -1.44924139977 -0.323864847422  
-0.201777771115 -2.1104156971 -0.0331296622753  
-0.128169864416 -2.70081543922 -0.647114276886  
0.435126155615 -2.56753492355 -0.834276914597  
1.10737454891 1.35854649544 0.239219099283  
0.623987197876 1.50047504902 0.510324895382  
0.643942177296 1.0478374958 0.806269943714  
0.653946518898 1.41745853424 0.548214435577  
0.834183394909 1.08591222763 0.779788851738  
0.889457881451 1.12451207638 0.273907184601  
0.769852340221 1.17645978928 0.353411287069  
0.317593485117 0.297961175442 0.743014156818  
0.107372798026 0.555756390095 0.676159203053  
0.201612696052 0.33869767189 -0.0619178563356  
0.776558220387 0.0534339286387 -0.299094051123  
0.613290190697 -0.254923969507 -0.0169274713844  
0.432659208775 -0.505572497845 -0.311059176922  
0.233860909939 -0.736777901649 -1.11792433262  
-0.159994974732 -0.329362928867 -0.856101512909  
0.509732067585 -0.140267312527 -0.156040102243  
0.181393489242 -0.249122813344 0.145392671227  
0.00342222256586 -0.194601014256 -0.234021872282  
0.596507608891 -0.699288010597 -0.599828004837  
1.02770018578 0.0557955019176 -0.0526821389794  
0.723166286945 -0.187406286597 0.151034593582  
0.693677186966 0.125997841358 0.586998641491  
0.990218102932 0.227124780416 0.949745893478  
1.00454854965 -0.195295348763 0.0208445042372  
0.528347969055 -0.217674553394 -0.59622913599  
0.598483324051 -0.682503700256 -0.526694297791  
0.705936789513 -0.976450026035 -0.776902854443  
0.507411956787 -0.535319626331 -0.746367692947  
0.764059007168 -0.357826411724 -1.63905334473  
0.340714812279 0.205730676651 -1.24893784523  
0.405355840921 0.0678563043475 -1.26652061939  
0.197728663683 -0.717094838619 -1.48223912716  
0.079130269587 -1.05059766769 -1.87595546246  
0.389343559742 -1.47603833675 -1.39354085922  
0.161660224199 -1.49245846272 -0.96872985363  
0.747243463993 -1.55153822899 -0.3689840734  
0.635443806648 -1.91685116291 -0.211852520704  
0.545695126057 -2.39497232437 -0.067336268723  
0.106222897768 -2.73138856888 -0.0270779952407  
0.80124604702 -2.75020241737 -0.0160375777632  
0.810640871525 0.594111263752 -0.0182826276869  
0.747107386589 0.817517697811 -0.0323139317334  
1.24721300602 0.304386556149 0.947386562824  
0.831787645817 0.831538617611 0.831549704075  
0.863001823425 0.862939357758 0.862921595573  
0.841924130917 0.841763734818 0.842060863972  
0.621274471283 0.748775660992 1.21906328201  
0.699999690056 0.112633377314 0.811095476151  
0.634488463402 0.621982514858 0.359178423882  
0.428711295128 0.407364279032 -0.489894539118  
1.43546497822 -0.181242153049 0.0693424418569  
0.772321879864 0.0298477169126 0.294495970011  
0.677078962326 0.0555429160595 -0.00155674631242  
-0.23916593194 -0.139208495617 -0.145335614681  
0.418016016483 0.296778261662 -0.175922378898  
0.740309774876 0.274397492409 -0.0628974363208  
0.380636125803 0.00683008087799 -0.124429181218  
0.398439288139 -0.44051399827 -0.520149230957  
0.920008420944 -0.840627014637 -0.220828726888  
1.18356347084 -0.490720272064 -0.227338537574  
0.85904186964 -0.268452823162 -0.194012463093  
0.186907544732 0.24839232862 0.520329833031  
0.162371858954 -0.221240490675 0.331731706858  
1.02067101002 -0.546934008598 0.723309576511  
0.250329077244 -0.743637382984 0.437452107668  
0.531030058861 -1.33456516266 -0.219280704856  
1.12696027756 -1.3764475584 -0.693304479122  
1.58004379272 -0.819316089153 -0.568196892738  
1.30054175854 -0.161407843232 -1.4265614748  
0.458019554615 -0.279377251863 -1.1570148468  
-0.0812505483627 -0.264199346304 -1.0553303957  
-0.295080393553 -0.530852675438 -1.4570504427  
0.347458720207 -0.807230353355 -1.91415894032  
0.871675610542 -1.00073587894 -1.55077207088  
0.943660736084 -1.38433337212 -1.06112682819  
0.622346878052 -1.71042382717 -1.18288993835  
0.332390874624 -1.92340362072 -0.264058291912  
0.266629368067 -2.34272909164 -0.0263666566461  
0.186435997486 -2.59465265274 0.327462375164  
0.939759373665 -2.09185743332 -0.424944788218  
0.546224951744 -0.171668469906 0.410538673401  
1.190731287 -0.200364276767 0.689790904522  
0.933627963066 0.400554686785 1.22148811817  
0.830729424953 0.830399334431 0.830566167831  
0.870797276497 0.870813369751 0.870816886425  
0.862450182438 0.86259251833 0.862609148026  
1.27775371075 0.25913721323 1.19648325443  
0.69046831131 0.800974428654 0.83164781332  
0.906819164753 1.42986786366 0.406403630972  
0.515715837479 0.911827981472 -0.0272406414151  
0.712308228016 0.0716370418668 0.244699791074  
0.954898357391 0.122680321336 0.381195873022  
0.472493797541 0.459439009428 0.372735381126  
-0.08009480685 0.781168758869 0.213345766068  
0.178251668811 0.364882856607 0.0362977236509  
0.190742745996 0.265694826841 -0.0571413710713  
0.232470065355 0.160014852881 -0.515918076038  
0.0894791632891 -0.109629400074 0.0573529154062  
0.557794570923 -0.767558038235 0.177208989859  
1.36090993881 -0.807838082314 0.0775536000729  
1.5563172102 -1.20793259144 -0.335680127144  
0.848021566868 -0.662328481674 0.382207155228  
0.25554484129 -0.554717481136 0.599539101124  
0.775981545448 -0.787178099155 0.979725420475  
-0.118862845004 -1.22369086742 -0.240545868874  
0.288787722588 -1.12945389748 -0.477918803692  
0.894494771957 -0.911128878593 -1.31964802742  
1.67500627041 -0.703842401505 -1.3163394928  
1.26440858841 -0.614373803139 -1.06651473045  
0.417615145445 -0.290406435728 -1.17688012123  
-0.494393587112 -0.336063832045 -1.22265815735  
0.0858776643872 -0.888284087181 -1.75912463665  
0.840469479561 -0.956784248352 -1.47409331799  
1.08835530281 -1.1654497385 -1.50357365608  
1.52103590965 -1.56510806084 -1.42641615868  
1.21242284775 -2.12251400948 -1.28025722504  
1.0623010397 -1.92849600315 -1.04894995689  
0.829252302647 -2.19186401367 -1.2283372879  
1.07316935062 -2.41345834732 -0.835709929466  
1.1623339653 -1.53584742546 -0.0537309981883  
0.41347527504 -1.17331266403 1.15035796165  
0.926413416862 -0.564235985279 1.14934647083  
0.983659625053 0.384539783001 0.872185587883  
0.830894052982 0.830838620663 0.830835521221  
0.869784593582 0.869683206081 0.869944632053  
0.88115721941 0.881111502647 0.881203889847  
0.723035275936 0.86606413126 0.746236026287  
0.547398805618 1.25101554394 0.827597856522  
0.381629705429 1.95357179642 1.38764441013  
0.467032670975 1.5999789238 0.947486042976  
0.390815973282 1.04821145535 0.101530730724  
1.09192681313 0.646226346493 0.257665961981  
1.7207826376 0.596371650696 0.28262296319  
0.963741123676 0.362556368113 0.0951418057084  
1.30234193802 0.187439009547 -0.706106543541  
0.737986445427 0.560530424118 -0.994901537895  
0.669815957546 0.309680432081 -0.0882144495845  
0.407361149788 -0.671253979206 0.614956378937  
-0.0974455624819 -0.407135039568 0.349492013454  
0.282699882984 -0.941273331642 0.522591114044  
0.920761883259 -1.29978835583 0.263393938541  
0.660916447639 -1.67119038105 0.327711701393  
-0.35905739665 -1.95118319988 0.615739703178  
-0.0336294919252 -1.024502635 0.744180321693  
0.434612482786 -1.25892293453 0.214274868369  
0.547865450382 -1.30988681316 -0.879449427128  
0.974449276924 -1.07840502262 -1.14646756649  
1.12501466274 -1.09074056149 -1.48313057423  
1.5554779768 -0.17425955832 -1.2814912796  
0.164983659983 -0.303713291883 -1.01527380943  
-0.164173603058 -0.144482374191 -0.827563524246  
-0.0605055987835 -0.189737588167 -1.27588295937  
0.0534714199603 -0.566196382046 -1.18103003502  
-0.359199523926 -0.447205901146 -1.51321136951  
0.564897179604 -0.981758832932 -1.30597639084  
1.28763377666 -1.15128040314 -1.25293922424  
1.17315149307 -1.04778540134 -1.44558227062  
0.78094214201 -1.28019559383 -1.70689177513  
1.01783668995 -2.41799068451 -1.11374342442  
1.51784670353 -2.21946692467 -1.13210690022  
1.07655465603 -0.260930925608 1.37338984013  
1.16287147999 0.425337314606 1.28945183754  
0.828907251358 1.05715143681 1.34494197369  
0.947992086411 1.28101885319 1.31442666054  
0.600326478481 0.838808357716 1.29727506638  
0.589273333549 1.10934579372 0.579678595066  
0.882702350616 0.88342744112 0.883054316044  
0.645608842373 1.36693513393 0.47178375721  
0.400414407253 1.74829828739 1.29135048389  
-0.197011828423 2.06713342667 0.980557322502  
-0.191668480635 1.07292425632 1.03830170631  
0.942833542824 0.34513515234 0.616333127022  
1.48309612274 0.28488689661 0.21296826005  
1.41734337807 0.553088903427 0.336619585752  
1.11838018894 0.289915859699 -0.427019149065  
1.35390949249 0.305513709784 -0.758971512318  
0.885105133057 -0.136698827147 -0.128553196788  
0.54160284996 -0.82329505682 0.71616345644  
-0.141210436821 -0.923837184906 0.593263030052  
-0.110498391092 -0.604017138481 0.581555068493  
-0.0965294837952 -1.82157170773 0.0656828433275  
0.119189731777 -1.74588370323 0.259042620659  
0.0457090474665 -1.21574413776 0.270716875792  
0.902653217316 0.209327667952 0.19746285677  
0.510972201824 -0.77883797884 0.88786816597  
0.990157425404 -1.05463504791 0.148495972157  
1.18607234955 -0.940584361553 -0.960377454758  
1.27864229679 -1.08793532848 -1.13042056561  
2.18397569656 -0.49085521698 -0.442676961422  
1.16505181789 -0.287987589836 -0.786600351334  
0.537460029125 -0.522075593472 -0.742598712444  
-0.0384618118405 -0.268413692713 -0.916065692902  
-0.495437324047 -0.997569084167 -1.73734617233  
-0.130143851042 -0.846970975399 -1.59185552597  
-0.0225607678294 -0.580849587917 -1.51773202419  
0.712364733219 -0.382677942514 -1.16185450554  
0.375046223402 -0.883298933506 -1.39349114895  
0.771520853043 -1.03990781307 -2.02030920982  
1.53974354267 -1.75593662262 -1.22487878799  
1.58934748173 -1.91086089611 -1.42074179649  
0.979932904243 0.409630984068 1.45610952377  
0.729736626148 0.3513456285 1.25685739517  
1.04921841621 1.10705637932 1.50849819183  
1.26610720158 1.19217598438 1.2637181282  
0.78718906641 0.752492964268 0.904510200024  
0.635952532291 1.34436297417 0.787834525108  
0.441186875105 0.921768963337 0.973070502281  
0.898373484612 0.898511171341 0.89815980196  
0.587750196457 1.23680257797 1.2811177969  
0.096109829843 1.58190822601 1.36161029339  
0.21645013988 1.19647848606 1.47280573845  
0.94309347868 0.693902730942 1.56710612774  
0.896657705307 0.557625889778 0.281969457865  
1.02726066113 0.869918763638 0.292094677687  
1.10105478764 0.456054091454 0.437273740768  
1.19032788277 0.544108211994 0.278912961483  
0.291588485241 -0.157576709986 0.535661160946  
0.576056838036 -0.531202733517 0.509262681007  
0.521400153637 -0.595068156719 1.33099043369  
0.362539052963 -1.23209571838 1.13388121128  
0.0935242548585 -1.68640947342 0.0986927673221  
-0.0589008741081 -1.55245065689 0.677536964417  
0.868570566177 -1.14551186562 0.615893423557  
1.1847858429 -0.620724141598 0.345979392529  
1.18749678135 -0.623517274857 0.247267901897  
1.32990825176 -1.39140188694 0.122671984136  
1.15851819515 -1.13463807106 -0.199388280511  
2.00600624084 -1.3509978056 -0.764516294003  
2.15436935425 -1.29014599323 -0.59253770113  
2.07466769218 -0.647734344006 -0.46432569623  
0.793594181538 -1.09684479237 -0.307579666376  
0.648908376694 -0.814643740654 -0.951868534088  
0.212944000959 -0.962456941605 -1.46686136723  
0.191005006433 -0.00625320477411 -1.86212718487  
0.211633846164 -0.217186197639 -1.07163095474  
0.359390169382 -0.0199625194073 -0.712689220905  
0.0409083925188 -0.385186553001 -1.75959897041  
1.10123407841 -1.12235581875 -1.49686121941  
1.21331906319 -1.45094060898 -1.38332438469  
0.970051229 -1.55869841576 -1.62245070934  
0.849468827248 0.534227848053 0.752637147903  
1.14432537556 0.781416475773 1.16353285313  
0.951363563538 0.874162852764 0.843917489052  
0.868305325508 1.15598762035 0.563223063946  
0.541357219219 0.475578129292 0.177531883121  
0.276534646749 0.614774107933 0.989437639713  
0.53036659956 0.612501621246 1.22725331783  
0.515119016171 1.20223474503 0.45431625843  
0.956727564335 0.956720292568 0.956712603569  
0.671779572964 1.4114574194 1.19447541237  
0.409857451916 1.24109661579 1.06968426704  
1.03037679195 0.880734860897 0.50142455101  
0.374918073416 0.892944097519 -0.159575551748  
0.566712081432 0.598297715187 0.121874719858  
1.05526733398 0.736874580383 0.704122960567  
0.687812685966 0.319020599127 0.739341974258  
0.713127732277 -0.574137210846 0.299985617399  
0.716237783432 -1.23680365086 0.690068840981  
0.176907375455 -0.574474155903 0.652704656124  
0.100116461515 -0.99100869894 0.433764219284  
-0.532325565815 -1.63248765469 0.575666308403  
0.27633997798 -1.40790295601 1.16659259796  
1.17760753632 -1.32485294342 0.163908809423  
0.936057329178 -0.569630861282 -0.143293634057  
1.13249146938 -1.23437714577 -0.0392479710281  
1.44815158844 -1.11328339577 0.0106195919216  
1.88617634773 -1.43886852264 -0.283654034138  
2.23347377777 -1.50812005997 -0.756659567356  
1.66270077229 -1.40161538124 -0.459435045719  
1.60750508308 -1.14308428764 -0.245059728622  
1.87459826469 -1.11964416504 -0.349899560213  
1.26640164852 -0.663932919502 -0.777234137058  
-0.105202406645 -0.582559406757 -1.44006693363  
0.515124082565 0.273356378078 -1.8019080162  
0.264477729797 0.0177197977901 -1.08767080307  
0.633530020714 0.134042426944 -1.01406383514  
0.770196914673 -0.351537764072 -0.955858767033  
0.942663729191 -0.574865460396 -0.752660155296  
1.02435159683 -1.08773207664 -0.694867551327  
0.916913986206 -1.00628829002 -1.65811002254  
0.840290665627 1.25719428062 0.940569162369  
0.792892098427 1.87422287464 0.79309886694  
0.587452173233 1.26028084755 0.589600801468  
0.0524369925261 0.942964315414 1.07552695274  
-0.0142343211919 0.836464166641 1.27272498608  
-0.216983273625 0.524429559708 1.20529139042  
0.542988419533 0.735754907131 1.29798471928  
0.701970219612 1.21829974651 0.574557006359  
1.05899584293 0.774030327797 0.861491858959  
0.989424943924 0.989862084389 0.989317178726  
0.839739978313 1.16776967049 1.06356084347  
1.01137340069 0.917004048824 0.755552530289  
0.279921650887 0.670745849609 0.19323182106  
0.685481131077 0.674689531326 -0.117657437921  
0.771084189415 0.291432619095 0.608543872833  
1.13400065899 -0.07286003232 0.544856071472  
0.93040984869 -0.703607082367 0.268074482679  
0.703357458115 -1.45097947121 0.418509453535  
0.359300285578 -1.05231916904 0.761185467243  
-0.273514509201 -1.18194651604 0.510516226292  
0.0257454682142 -1.37470924854 0.991944670677  
0.573716104031 -1.76154637337 0.492714822292  
0.227246195078 -1.23667824268 -0.389888823032  
0.762004852295 -1.32671201229 -0.42851164937  
0.727185487747 -1.39435625076 -0.527242958546  
1.09801590443 -0.990557074547 -0.448767274618  
1.40097928047 -2.10171532631 -0.649629712105  
1.72858595848 -1.37266921997 -0.535555124283  
1.63822579384 -1.75453960896 -0.48806232214  
1.79158854485 -1.16846549511 -0.624786257744  
1.86579811573 -1.67212569714 -0.517188131809  
1.2503606081 -0.93875169754 -0.710308730602  
-0.149472728372 -0.579145073891 -1.45964825153  
0.413181185722 -0.256955355406 -0.989958167076  
0.892491400242 -0.234707161784 -1.2073110342  
0.763243675232 0.214966461062 -0.63135021925  
1.12337648869 -0.328927665949 -0.942525744438  
1.36373770237 -0.584110021591 -0.842128515244  
1.57370305061 -0.673304975033 -1.06455910206  
1.51685297489 -0.353140205145 -0.843544602394  
0.473551511765 1.45061480999 0.764799416065  
0.613804221153 1.16054618359 0.782912731171  
0.306639671326 1.44498860836 0.825861334801  
-0.037330634892 0.858283698559 1.37367963791  
0.632376790047 1.14688241482 0.782220840454  
0.631797134876 0.811978638172 1.32865357399  
0.799055695534 0.186958566308 1.33061718941  
0.559613704681 0.586825311184 0.988361597061  
1.1704672575 0.574909865856 0.450210809708  
1.19437861443 0.989708065987 0.589838027954  
0.99971395731 0.999797523022 1.00030350685  
0.833409011364 1.10977900028 0.64426368475  
0.732428610325 0.498130977154 0.655345916748  
0.950457036495 0.409101516008 0.109531998634  
0.773487746716 0.536166787148 0.838895320892  
0.910338819027 -0.332457959652 0.326337367296  
0.490101009607 -0.645609974861 0.104713976383  
0.13632312417 -0.788743853569 0.789464950562  
0.208773836493 -1.05181741714 0.82543861866  
0.172800049186 -0.759624242783 0.930423974991  
-0.275077790022 -1.35384571552 1.58045947552  
-0.111577644944 -1.21677196026 0.768998801708  
0.210874736309 -1.31339609623 0.0480789393187  
0.197223678231 -1.04661273956 -0.640872299671  
0.852997899055 -1.42126941681 -0.632890582085  
0.702767550945 -1.74113762379 -0.731316030025  
1.21682500839 -2.02219152451 0.0174581892788  
1.35083782673 -1.99731492996 0.179504901171  
1.41700077057 -0.835882544518 0.232111573219  
1.54826819897 -1.24779868126 0.0242518465966  
1.55183625221 -1.42651951313 -0.293163388968  
1.41336083412 -1.43885362148 -0.959125697613  
0.169720992446 -0.955074071884 -1.17754364014  
0.480127960443 -0.703980386257 -1.29948484898  
0.291348040104 -0.765507757664 -0.946408927441  
0.399234414101 -0.670472085476 -0.644810736179  
0.918517708778 -0.639880299568 -0.493140041828  
1.12986946106 -0.874116539955 -0.609292209148  
1.17122900486 -0.306497424841 -1.00314974785  
1.9141253233 -0.256581306458 -1.21586024761  
1.00912189484 0.583422541618 1.0612757206  
0.603637933731 1.30383527279 1.44005644321  
1.03857290745 1.25597262383 1.4044611454  
0.936548769474 0.735106766224 1.432305336  
0.665977120399 0.524067997932 1.00776016712  
1.23151493073 0.251219272614 1.66620659828  
0.991834521294 1.17663156986 1.67710793018  
0.919583320618 1.16484439373 1.35149347782  
0.659822821617 0.513345837593 0.713184535503  
1.01071429253 0.678928077221 0.636887311935  
0.899023890495 1.01062130928 0.93250888586  
0.994934201241 0.994661033154 0.994584441185  
1.06000816822 0.69171833992 1.50999653339  
0.653177440166 0.910670816898 0.740800917149  
0.730515420437 0.355331033468 0.537516236305  
0.928340852261 -0.230500638485 0.195799306035  
1.00981009007 -1.54084587097 0.361159026623  
0.446854889393 -1.5236479044 0.924836099148  
0.395043611526 -0.827103316784 1.23605763912  
-0.0893793329597 -0.113745965064 1.07183325291  
-0.274199515581 -1.19836401939 1.24554491043  
0.0515159703791 -2.16099905968 0.814764797688  
0.453944951296 -1.53451943398 0.769408226013  
0.73681217432 -1.28926181793 0.126111477613  
0.444835811853 -1.33309781551 0.0370640493929  
0.257969141006 -1.79215407372 -0.0926987156272  
0.641157507896 -1.8502010107 -0.116621755064  
0.735861480236 -1.7069246769 -0.0812408998609  
1.55111980438 -1.78931498528 -0.053767696023  
1.65306329727 -1.16021573544 0.394702523947  
1.30051124096 -1.42889499664 0.222895085812  
0.96441847086 -1.46426033974 -0.295600682497  
0.634756267071 -1.67304456234 0.20847594738  
0.748704195023 -1.08893918991 -0.26835128665  
0.739325881004 -0.763623416424 -0.834931850433  
0.42030185461 -0.65496724844 -0.841001927853  
0.5428647995 -0.880911886692 -0.469866454601  
0.678687751293 -0.269438832998 -0.898991942406  
0.351084172726 0.18267981708 -1.83050858974  
0.959435939789 -0.477974355221 -1.63917577267  
1.2156765461 0.613259255886 0.420883148909  
0.851295053959 1.52197635174 1.00680863857  
1.02493929863 1.98268401623 1.22751712799  
1.36061525345 1.14447772503 2.03225255013  
1.75110828876 0.269857794046 1.42199492455  
1.50822603703 0.972075939178 1.40718758106  
0.578644216061 1.56962382793 1.53981757164  
0.740223705769 1.62309885025 1.77833306789  
0.953328132629 1.15038061142 1.0474678278  
0.777344286442 1.03732120991 0.884057462215  
1.04791748524 1.05661606789 1.15135085583  
0.600953519344 1.18014478683 1.18075823784  
0.556228041649 0.968705654144 1.68729436398  
0.20955067873 0.563692986965 1.81418955326  
0.256108015776 -0.490454822779 1.00321340561  
0.593773245811 -1.30696880817 0.524922609329  
0.383151739836 -2.12876296043 -0.205111473799  
0.605493187904 -1.71963012218 0.628288865089  
0.49461093545 -0.819262504578 0.542948126793  
0.11167228967 -0.75177025795 0.868840634823  
-0.582755327225 -0.921700537205 0.771621823311  
0.361911177635 -1.38784062862 1.02962088585  
0.641903460026 -2.03315544128 1.0903646946  
0.817516326904 -1.86016643047 0.938734233379  
0.732324719429 -1.71057975292 0.156517773867  
0.592749238014 -1.88315594196 -0.187602311373  
0.52902919054 -2.00581860542 -0.172026664019  
0.471383452415 -1.68157887459 -0.250688761473  
1.2714266777 -1.69891560078 0.342592537403  
1.52258992195 -0.964633107185 0.208633646369  
1.17400527 -0.651191413403 0.255423605442  
1.19893240929 -1.0352050066 -0.384407103062  
-0.0559216924012 -1.14105403423 0.240941986442  
0.473355919123 -1.86745178699 0.53992497921  
0.402229040861 -1.21665358543 0.0291971508414  
0.4250023067 -0.898429453373 -0.39593064785  
0.515341341496 -0.963945567608 -0.338315576315  
0.0778564736247 -0.250722259283 -0.629761695862  
0.51272881031 -1.3262706995 -0.656998813152  
-0.145722895861 -0.92082709074 -1.35181045532  
1.28887534142 1.32106149197 1.23782145977  
0.767568349838 2.11770439148 1.48838222027  
1.44786083698 2.42979168892 1.7563637495  
1.08393549919 1.48146951199 2.47722029686  
0.916950583458 1.05431497097 2.41067481041  
0.0436120778322 0.833458900452 1.8147431612  
-0.224985897541 1.29082202911 1.58116924763  
0.378135204315 1.98119974136 1.31198251247  
1.17733585835 1.44502007961 1.3269109726  
1.20102858543 1.30787360668 0.943720459938  
0.444038718939 1.27363276482 1.23152005672  
0.298670917749 0.655286967754 1.38182735443  
-0.346567362547 0.292063355446 2.45363616943  
-0.225830286741 -0.0606401115656 1.99275541306  
0.103550478816 -1.04305505753 1.31062471867  
0.782740652561 -0.946564912796 0.34751611948  
0.258430749178 -1.29253101349 -0.273376643658  
-0.62611156702 -0.968987584114 -0.251550972462  
-0.43612831831 -1.03162181377 -0.519867181778  
-0.137170165777 -0.455733865499 0.243952006102  
-0.0654071867466 -1.10790801048 1.18342149258  
0.977850914001 -1.56353330612 1.4916601181  
0.616238713264 -1.48841774464 0.955088376999  
0.709373176098 -1.79237794876 1.97554016113  
0.571206927299 -1.71517205238 0.934774339199  
0.16676864028 -1.75810515881 0.615541160107  
0.642067432404 -2.10040163994 0.140990480781  
0.794029653072 -1.96905052662 0.106614947319  
1.84050452709 -1.15291392803 0.546857714653  
1.56891918182 -1.26947307587 0.361551195383  
1.47888481617 -1.11541318893 -0.222101837397  
0.631229460239 -0.807658672333 -0.152530282736  
-0.062327362597 -1.04895603657 -0.0952060297132  
-0.0329001918435 -1.47918069363 -0.126911759377  
0.37614184618 -1.54137384892 0.338812828064  
0.988484740257 -1.25810861588 0.129784464836  
0.475283116102 -0.598637223244 -0.447905987501  
0.799774587154 0.711507201195 -0.215646162629  
0.538919389248 -0.684665322304 -0.245994865894  
0.399376928806 -1.24843978882 -0.693295478821  
0.838429629803 1.54044735432 1.95955789089  
0.709617197514 2.22109723091 2.28622531891  
1.44372785091 1.74285662174 2.51414513588  
1.01901519299 1.70741200447 1.88523805141  
0.196326822042 1.49591910839 1.6800634861  
-0.0897126346827 1.18510067463 1.07561469078  
-0.0551787912846 1.83909130096 1.21897280216  
0.799819529057 2.03770852089 1.20596289635  
1.0814396143 1.66167807579 1.24882471561  
1.00267362595 0.679859936237 1.6187877655  
0.184789508581 1.23058795929 1.18964505196  
-0.103523254395 0.180790528655 0.486052691936  
-0.132401138544 0.123346298933 1.3586486578  
-0.861920714378 -0.0257272347808 0.905849814415  
-0.303436756134 -0.724313795567 0.915254473686  
-0.221227541566 -0.463023662567 0.470079362392  
-1.04923009872 -0.602079570293 -0.045871604234  
-1.50826907158 -0.9885455966 -0.0970725938678  
-0.819662034512 -1.20855104923 0.235171958804  
-0.328857511282 -1.12450861931 0.171885460615  
-0.304853111506 -1.34560775757 0.236984699965  
0.221364125609 -1.34234082699 0.90394705534  
0.0295024570078 -0.598916471004 1.68079471588  
-0.563675940037 -1.05206310749 2.32270479202  
-1.02406358719 -1.55544364452 1.71660423279  
-0.416190624237 -2.07652521133 1.1438421011  
0.184687539935 -2.33604454994 0.118969030678  
0.669712543488 -2.00913381577 0.45357221365  
1.89583134651 -1.45270764828 0.362726926804  
1.82378637791 -1.17067015171 0.361313283443  
1.05314016342 -1.2773771286 -0.020221831277  
0.561683237553 -1.61117017269 0.281172037125  
-0.0910492613912 -1.067710042 -0.0978128314018  
-0.37268987298 -1.24340701103 -0.729593098164  
0.353627085686 -1.03134274483 -0.11246317625  
0.893770158291 -0.995774269104 0.568249225616  
0.448010772467 -0.997429192066 -0.177461326122  
0.424508154392 -0.621393918991 -0.29811424017  
0.230092510581 -0.841141581535 -0.152477815747  
0.273368299007 -1.05225026608 -0.130751162767  
0.771961808205 1.55024886131 1.78262662888  
0.767870604992 1.3507168293 1.77328884602  
1.2132140398 1.63881528378 1.35238099098  
0.615763068199 2.29260087013 1.20756077766  
-0.111496403813 1.42463612556 1.27898669243  
0.110721826553 1.25594055653 0.933108389378  
0.715030550957 1.60776567459 0.984067678452  
0.782787203789 1.61168849468 1.15306544304  
1.08348703384 1.19675266743 1.23135125637  
0.740955352783 0.593902826309 1.12651562691  
0.0962821096182 1.16144621372 1.2272207737  
0.258041739464 0.396155148745 0.512627601624  
-0.0581740066409 0.544575154781 0.634488403797  
-0.0645229071379 -0.152830258012 0.302075713873  
-0.085140042007 -0.26265001297 0.767366468906  
-0.751867115498 -0.301587194204 0.863896489143  
-1.57350826263 -0.311621397734 0.751574397087  
-1.08947741985 -0.406025320292 0.284424483776  
-1.30687344074 -0.548969686031 -0.253192603588  
-1.00144946575 -0.896655321121 0.362829864025  
-0.164238750935 -0.872861921787 0.638110101223  
-0.0113497842103 -1.02421665192 1.30011868477  
-0.326249957085 -0.739885985851 1.91819679737  
-0.982849240303 -0.885548472404 1.93777298927  
-1.43299841881 -1.7655094862 2.32991600037  
-0.266773611307 -2.10782241821 1.17562615871  
-0.197467908263 -2.96493339539 0.357967764139  
0.367704838514 -2.38273382187 0.475819170475  
1.66564464569 -1.47004640102 -0.0117194410414  
1.98472118378 -1.26427149773 0.701962471008  
0.860267579556 -0.856502950191 0.551613032818  
-0.00438994029537 -1.5681835413 0.164654642344  
0.145958200097 -1.49210786819 -0.106580466032  
-0.00741030741483 -1.47736501694 0.117861658335  
-0.189377620816 -1.71410369873 0.080361969769  
0.526266694069 -1.70898854733 0.174656406045  
0.599896430969 -1.06796169281 0.219739198685  
0.730296432972 -1.14366304874 0.501567304134  
0.332993447781 -0.802143454552 -0.0737120807171  
0.156140953302 -0.892923653126 0.151998579502  
0.3286870718 1.63419139385 0.943054318428  
0.930254817009 2.10887384415 1.21309828758  
0.33162727952 1.8738489151 1.21959972382  
0.553634107113 1.83584558964 1.1361361742  
-0.0563600622118 2.0945084095 1.2859814167  
-0.258819937706 1.96226346493 1.30484926701  
0.703755021095 1.71633660793 1.35294187069  
0.818030893803 0.819898486137 0.550939381123  
0.569085419178 0.570036053658 0.0339048095047  
0.247429609299 1.07789504528 0.587651789188  
-0.0885008722544 0.686659455299 0.920526027679  
0.121254093945 0.695974767208 0.407102316618  
-0.322674959898 1.13326203823 0.168257802725  
-0.113908797503 0.63302141428 0.182527780533  
-0.0909422934055 0.13898473978 0.531054139137  
-0.270116537809 -0.435051351786 0.877179265022  
-0.855468034744 -0.852310478687 0.954600214958  
-0.340589761734 -0.82389819622 0.28381767869  
-0.704504311085 -0.783024013042 0.98109459877  
-0.632790625095 -0.64114356041 0.489155173302  
-0.40324151516 -0.797098278999 0.480256974697  
-0.68330091238 -1.09881138802 1.0944070816  
-0.529719591141 -0.567174613476 1.50791954994  
-0.809901893139 -1.55790746212 1.65119934082  
-1.49682796001 -2.64282870293 1.87142693996  
-1.32938706875 -2.27173852921 1.05424165726  
-0.267129600048 -2.89604854584 -0.0176019985229  
0.296069353819 -2.89502334595 -0.547808766365  
1.027785182 -1.9794178009 -0.30367526412  
1.90138864517 -1.71120429039 -0.374501854181  
1.55821323395 -1.2256937027 0.365039110184  
0.703803122044 -1.79462134838 0.411791294813  
0.257677525282 -1.33450877666 0.0826115086675  
-0.0653735920787 -1.49669408798 0.291650176048  
0.666964769363 -1.18882930279 0.446753799915  
1.49730467796 -0.850336134434 0.0182305071503  
0.866979300976 -0.540498793125 -0.0693424716592  
0.929365575314 -0.511651515961 0.395362615585  
0.721915066242 -1.01580119133 0.074751406908  
1.03975200653 -1.06593978405 0.776253402233  
0.749721705914 1.423209548 1.07097971439  
0.987797856331 1.61049449444 0.869138062  
0.795921385288 1.88680660725 0.623728752136  
0.688128888607 2.01784276962 1.08469009399  
-0.0913780555129 1.9679005146 1.35272181034  
0.122962757945 1.41293132305 1.28774368763  
0.358778059483 0.937117218971 1.51393008232  
-0.460398763418 0.304682791233 0.712041199207  
-0.332340478897 0.120701685548 -0.340085566044  
-0.274769425392 0.34635001421 -0.103052601218  
-0.500456571579 0.755167722702 0.180715546012  
-0.560606777668 0.578490972519 0.333729296923  
-0.313584059477 0.752235174179 0.398076057434  
-0.907853901386 -0.250520586967 0.156545475125  
-0.244857028127 -0.210817277431 -0.00868089962751  
0.111021086574 -0.440046280622 0.5556204319  
-0.674940824509 -0.943461477757 0.740451395512  
-0.298474341631 -0.784511566162 0.657497286797  
-0.474124908447 -0.499475210905 0.336585462093  
-0.0341221988201 -1.13685393333 0.559883594513  
-0.787480831146 -1.09830546379 0.511629164219  
-0.962274551392 -0.680533647537 0.341367930174  
-0.672697365284 -0.336936146021 0.643597900867  
-0.857496976852 -1.81379282475 0.672387957573  
-1.15416550636 -2.86778998375 0.803677141666  
-0.696588039398 -2.64203357697 0.184154808521  
-0.0448966473341 -2.73501086235 -0.500082850456  
0.107383176684 -2.66124677658 -0.766521215439  
0.16566850245 -2.09324002266 -0.333454847336  
0.669690489769 -2.04330968857 -0.678651869297  
0.766721665859 -1.16825211048 -0.431744098663  
0.485790431499 -1.09983861446 -0.328992456198  
0.233399316669 -1.26234459877 0.364941835403  
0.470670670271 -1.14913070202 -0.163922563195  
0.813815832138 -1.13452351093 -0.00908538047224  
0.547468066216 -0.915357291698 0.0971880406141  
0.679412782192 -0.765254735947 -0.363407582045  
0.464632451534 -0.220742642879 -0.508140027523  
0.59536242485 -0.379426211119 -0.424274206161  
0.682545244694 -0.84199488163 0.271027207375  
-0.0520449839532 1.47770893574 0.877004265785  
0.308548361063 1.5117046833 1.50598108768  
0.078296892345 1.7406052351 1.53492665291  
-0.0343974530697 1.91070067883 1.56564021111  
-0.783314287663 1.55652546883 1.24915373325  
-0.635020852089 0.648589193821 1.12882936001  
-0.146578103304 0.383454054594 1.20372819901  
-0.324773818254 -0.347684681416 0.838601648808  
0.0418528877199 -0.229350581765 0.451151937246  
0.183914214373 -0.284278899431 0.572871088982  
0.176746845245 0.0789209380746 -0.0313088819385  
-0.611233353615 -0.0964328870177 0.0700298696756  
-0.909952938557 -0.138053953648 0.196680754423  
-1.01470887661 -0.100558049977 0.00407185405493  
-0.70916724205 -0.386795550585 -0.148518979549  
-0.805923879147 -0.457324206829 0.501734912395  
-0.815800964832 -0.307470232248 0.509643554688  
-0.558865785599 -0.651681184769 0.534696638584  
-0.829222261906 -0.613364517689 0.247876107693  
-0.345892161131 -1.08082854748 -0.226985886693  
-1.07357406616 -1.46915531158 -0.311775535345  
-1.07667934895 -1.25183224678 -0.426766067743  
-0.507603347301 -0.478203386068 -0.120138935745  
-0.842497289181 -1.49992108345 0.326972663403  
-1.05564081669 -2.93263339996 0.289920926094  
0.179513350129 -2.60317492485 0.18492422998  
0.0288896895945 -2.41550517082 -0.084570735693  
0.15841794014 -2.59967112541 -0.658987045288  
-0.0295347124338 -2.30308222771 -0.374761968851  
0.197559908032 -1.67794513702 -0.452821820974  
0.362520545721 -1.40581583977 -0.569216251373  
0.299879193306 -1.07572412491 0.116338297725  
0.459213852882 -1.29343032837 0.107372194529  
0.286075025797 -1.08855485916 -0.18285356462  
0.303269177675 -1.17160189152 -0.214832887053  
-0.221172884107 -0.9134375453 0.0484211668372  
-0.379838854074 -0.716537535191 -0.815199434757  
-0.157728284597 -0.223053321242 -0.536342382431  
0.766634225845 -0.0111733702943 -0.338765949011  
1.01331329346 -0.297348052263 0.26102656126  
0.210525646806 1.53313350677 1.3095344305  
0.65698069334 1.01728844643 1.41450870037  
-0.275129646063 1.00885879993 1.50689041615  
0.622051000595 1.51191449165 0.630014777184  
-0.216645285487 1.0566971302 0.759954214096  
-0.771191358566 0.876845777035 0.464574635029  
-0.438917994499 0.165395021439 0.179960086942  
-0.967865765095 0.465042322874 0.493042260408  
-0.116761930287 0.356766313314 1.16821789742  
0.721123814583 -0.318938285112 1.3817191124  
0.317918121815 0.124322459102 0.959206819534  
-0.363343387842 -0.0522485785186 0.347977936268  
-1.12543535233 -0.69673794508 0.112731724977  
-1.28079617023 -0.120535396039 -0.136102795601  
-0.681116819382 0.123736932874 0.611659884453  
-0.884624361992 -0.60078817606 0.749518573284  
-1.12722992897 -0.569502711296 -0.185480132699  
-0.986803591251 -1.10415875912 -1.04781484604  
-0.898821651936 -1.12241625786 -1.05025064945  
-0.714929580688 -1.44841325283 -1.11687111855  
-0.680272340775 -1.26447927952 -0.836504340172  
-0.722362399101 -1.17716121674 -0.611404061317  
-0.351366758347 0.153125777841 -0.203823417425  
-0.89218044281 -1.14793801308 0.174238145351  
-0.536173284054 -2.24351453781 -0.605990231037  
-0.217988699675 -2.27837133408 -0.578617334366  
0.134473204613 -2.46349954605 -0.39481985569  
-0.472195804119 -2.38599443436 0.14446438849  
-0.0161900501698 -2.49973273277 0.766516983509  
0.240208923817 -2.11019968987 0.118728451431  
0.0688270404935 -1.38758134842 0.0165382288396  
0.233685240149 -1.41196036339 0.56825619936  
0.597231686115 -0.847266077995 0.696566045284  
0.462899118662 -0.49055814743 0.774077236652  
-0.162941530347 -0.633492171764 -0.000924557796679  
-0.37767457962 -0.0695645883679 -0.809371709824  
-0.471610486507 -0.229375332594 -0.439039260149  
-0.131375014782 0.0143765183166 -0.677076756954  
0.426744282246 -0.133521899581 -0.255809307098  
0.464297503233 -0.0731579959393 -0.424400031567  
0.249697089195 2.33448958397 0.467943549156  
0.629473567009 1.47229385376 1.54752874374  
0.542299687862 0.488143056631 0.84268039465  
0.593786776066 1.1093981266 0.0106875412166  
0.463552504778 0.76765024662 0.0178189724684  
-0.423809617758 0.588675618172 0.174090251327  
-0.891854763031 1.19309020042 0.529645442963  
-0.816403031349 1.44562244415 0.736744701862  
-0.750908911228 0.835236012936 1.15746462345  
0.117755174637 -0.196076259017 1.19321298599  
0.46468180418 -0.567552387714 0.00506301503628  
0.864105165005 -0.752781391144 -0.347980082035  
-0.590206861496 -0.121917441487 -0.603838324547  
-0.737404465675 0.418504267931 -0.321696013212  
-0.626897633076 -0.496771275997 -0.439965307713  
-0.857981383801 -0.337085336447 -0.396181643009  
-0.828111946583 -0.885486662388 -0.60403740406  
-0.356478959322 -0.507244229317 -1.27311873436  
-0.392593830824 -1.0060685873 -1.27725052834  
0.00860695261508 -1.12766194344 -0.723932027817  
0.03926794976 -1.473092556 -1.25182032585  
-0.348023712635 -1.20523679256 -0.475017309189  
-0.441810369492 -0.502823233604 -0.596522271633  
-0.854324579239 -0.808773458004 -0.590750515461  
-0.973773300648 -1.04857814312 -0.976872324944  
-0.541656374931 -1.97805666924 -0.787540078163  
-0.0561842098832 -1.77492594719 -0.419690728188  
-0.13387991488 -2.82508444786 0.152840420604  
0.15269882977 -2.35297036171 0.957406520844  
0.523249328136 -2.37704968452 0.690035879612  
0.377421855927 -1.7294626236 0.705558240414  
-0.151976779103 -1.94908070564 0.782639741898  
0.488917648792 -1.19341146946 1.00256383419  
0.163853794336 -0.552627503872 0.113701455295  
-0.00265241018496 -0.783885717392 -1.02701485157  
-0.091667406261 -0.441769212484 -0.411415070295  
-0.0973862111568 -0.252793967724 -0.142440140247  
-0.361868947744 -0.549795329571 -0.336636722088  
0.0905725061893 -0.749965012074 -0.540083885193  
0.46639201045 -0.574411392212 -0.107114739716  
0.15123128891 2.03660845757 0.312463134527  
0.51863771677 1.32967853546 0.599750101566  
0.504241406918 0.659865558147 1.17797601223  
0.230393856764 1.08583140373 0.225215688348  
0.861154675484 1.18720901012 -0.272501647472  
-0.595032691956 0.974429309368 0.256599366665  
-1.08390080929 1.39211452007 -0.144169583917  
-0.997861862183 1.22164750099 0.0518268123269  
-0.823320686817 0.61970448494 0.355481892824  
0.205070361495 -0.276915997267 1.00660824776  
0.864361166954 -0.736377716064 0.165231510997  
0.3941437006 -0.764111638069 -0.424564391375  
-0.292410761118 0.0761534124613 -0.757149577141  
-0.700659871101 0.39465534687 -1.56224179268  
-0.452446579933 -0.678047597408 -1.70880806446  
-0.16513723135 -1.00163161755 -1.28752958775  
-0.6080250144 -0.551266491413 -0.978104054928  
-0.49635642767 -0.657836616039 -1.06356430054  
-0.159447327256 -0.822178959846 -1.36919748783  
0.27178004384 -1.47876942158 -1.3565839529  
0.424990087748 -1.55049514771 -1.07038187981  
-0.714189171791 -2.53349328041 -0.490312576294  
-0.482742011547 -1.83604383469 -0.538756668568  
-0.241184815764 -1.76736843586 -0.976298332214  
-0.0078779021278 -2.29462003708 -1.2968609333  
-0.61244815588 -3.16111516953 -0.47244772315  
-0.627123832703 -2.68532252312 -0.172358065844  
-0.055985417217 -2.18980503082 0.500397324562  
-0.114895395935 -2.08184289932 0.779850721359  
0.430205464363 -2.25851678848 0.764434099197  
0.444410532713 -2.02220678329 0.65165489912  
0.765419483185 -1.21663463116 0.680443584919  
1.18050146103 -0.948932766914 0.47042170167  
0.0265722293407 -0.492060065269 0.0387691669166  
-0.614778757095 -0.768486976624 -0.921611249447  
-0.637718856335 -0.997364938259 0.230809792876  
-0.40446767211 -0.917026340961 0.415738731623  
0.0352215580642 -0.518480658531 -0.557022929192  
-0.10363651067 -1.15469312668 -0.602938830853  
0.0816089659929 -0.598219275475 -0.027367817238  
0.189032331109 1.93624401093 0.378649443388  
0.0652131810784 0.833934545517 0.612762093544  
0.399158507586 0.0893706232309 0.0445494763553  
0.592778384686 0.52935063839 -0.383257567883  
0.885630846024 0.431621968746 -0.211683645844  
-0.150453910232 0.563168823719 0.18113347888  
-0.73623239994 0.864364147186 -0.212452217937  
-0.742063581944 0.128724560142 0.178961232305  
-0.453005760908 0.00466208485886 0.45209145546  
0.233663529158 -0.888115346432 0.484702557325  
0.482710152864 -0.504523515701 0.401906222105  
0.348767638206 0.143564194441 0.236525252461  
-0.267700999975 -0.0314214713871 -1.0849763155  
-0.261273175478 0.398930966854 -1.51709544659  
-0.0418774783611 -0.346191048622 -1.40211069584  
-0.16352416575 -0.440212577581 -1.45455229282  
-0.12334947288 -0.444084465504 -0.850918471813  
-0.542404294014 -0.916841685772 -1.50262773037  
-0.63839006424 -1.07266652584 -1.27493917942  
-0.155721589923 -1.70500338078 -1.48095333576  
0.0244870390743 -1.59161818027 -1.07470583916  
-0.0662938207388 -2.17896127701 -0.557160496712  
0.0309448707849 -2.35800409317 -0.601341962814  
-0.613949537277 -2.3219602108 -0.991183340549  
-0.619966447353 -2.92553281784 -0.559898138046  
-0.528288841248 -2.54363632202 0.085960380733  
-0.48178178072 -2.45182871819 0.0805252492428  
-0.106908492744 -1.91603529453 0.4122133255  
-0.299837768078 -2.03572964668 0.820594668388  
-0.0480052791536 -1.55640387535 0.739954173565  
0.353281021118 -1.4282002449 0.545819222927  
0.208614900708 -0.766162753105 0.841593205929  
0.0935855135322 -0.454787164927 0.477839887142  
-0.159066349268 -0.650254070759 -0.333103865385  
-0.613855242729 -1.02088904381 -0.0531706511974  
-0.501170217991 -1.35525918007 1.3914359808  
-0.848754107952 -0.911822378635 0.776896417141  
-0.556026279926 -1.19313061237 -0.556563556194  
-0.457367062569 -0.786556601524 -0.892050027847  
0.311433196068 -0.158100768924 -0.863866508007  
0.601762712002 1.41198968887 0.734761595726  
0.901928126812 0.939436078072 0.0236298125237  
0.778759717941 0.253916680813 -0.486130744219  
0.619494557381 0.269697397947 -0.558779895306  
0.841794133186 0.437421679497 0.0303842313588  
0.455294191837 0.515829026699 0.0327556692064  
-0.564640939236 0.676521003246 -0.0961730927229  
-0.255019843578 0.623805224895 0.247844219208  
0.146390140057 0.110326141119 0.529547810555  
0.452172398567 -0.681988120079 0.543203413486  
0.305203318596 0.0594866648316 0.0112365921959  
0.203526630998 0.324510633945 -0.234503641725  
0.278631538153 0.501215696335 -0.985034286976  
0.288989841938 0.126547023654 -1.31025195122  
0.337758213282 0.141038835049 -0.971743345261  
0.336101770401 -0.135814517736 -0.366492301226  
-0.043117608875 -0.826277792454 -0.78647840023  
-0.881951808929 -1.11409902573 -1.43525290489  
-0.659937739372 -1.68642997742 -1.6659989357  
-0.267757475376 -1.7883939743 -1.43142771721  
-0.545716762543 -2.12208271027 -1.20737349987  
-0.274495869875 -2.50824308395 -0.694300234318  
-0.67776119709 -2.45552778244 -0.886786043644  
-1.03352272511 -2.10844397545 -0.855313360691  
-0.640414655209 -2.39734101295 -0.698641717434  
-0.968380510807 -2.90875911713 -0.225309923291  
-1.27958953381 -2.55699372292 -0.396070748568  
-0.910773098469 -1.92492711544 0.329485654831  
-0.712757110596 -1.80608475208 0.477982103825  
-0.859873235226 -1.6442180872 0.544906318188  
-0.221125870943 -1.37763035297 0.936639666557  
-0.24525976181 -0.821960270405 0.664349853992  
0.0376582928002 -0.351683050394 0.0403125882149  
-0.359420329332 -0.5666487813 -0.0752718448639  
-0.207443371415 -0.784592568874 0.213451966643  
-0.210246860981 -0.432594776154 0.68029743433  
-0.63238120079 -0.886544167995 0.614065110683  
-0.17374676466 -1.20761501789 -0.548480451107  
-0.505878150463 -0.67340618372 -0.775923669338  
-0.000560510728974 -0.502453505993 -1.13955163956  
1.26447033882 0.756686925888 0.928015351295  
1.54972326756 0.496986329556 0.0638804882765  
1.06772816181 0.577518880367 -0.898595869541  
0.476947337389 0.484106004238 -1.10658788681  
0.333462178707 0.478365302086 -0.387330055237  
0.27136144042 -0.0951384678483 -0.029835794121  
0.335057348013 0.627076923847 -0.18198800087  
-0.470523625612 0.883627057076 0.184367895126  
0.185042783618 0.656534135342 0.497039556503  
0.0522338449955 0.200077429414 0.67249751091  
0.398883342743 0.0559414662421 -0.49687448144  
0.117049880326 0.42166903615 -0.485887557268  
0.483476430178 0.344936698675 -0.668075084686  
0.540323495865 0.088322609663 -1.0764247179  
-0.315410375595 0.143266305327 -0.858716011047  
-0.0622170194983 -0.0171904787421 -0.552966833115  
-0.119667194784 -0.489276856184 -0.936959922314  
-0.387137532234 -1.40114021301 -1.38220334053  
-0.765806138515 -1.60438513756 -1.48953294754  
-1.01054430008 -1.67538619041 -1.18241119385  
-1.51299417019 -1.77947151661 -1.16223287582  
-0.6119338274 -1.87391901016 -1.23282659054  
-0.951186418533 -2.1237142086 -0.746449410915  
-0.397634714842 -1.92468965054 -0.429937362671  
-0.484355837107 -2.25493073463 -0.180930584669  
-0.281701654196 -2.54963374138 -0.385735154152  
-0.985650062561 -2.36785531044 -0.292452931404  
-0.708027422428 -1.79090285301 0.109714619815  
-1.32098793983 -1.32739877701 -0.429254770279  
-1.06983327866 -1.73167443275 0.247587203979  
-0.720146477222 -1.23617172241 0.129915833473  
-0.425621956587 -0.407231748104 -0.698241174221  
0.556312978268 -0.417548537254 -0.679322242737  
0.284878194332 -0.225995779037 -0.346249997616  
0.398592174053 -0.483590573072 -0.359463512897  
0.217253878713 0.153000786901 -0.0842607989907  
-0.28778424859 -0.215888276696 0.39100214839  
-0.486922830343 -0.469711124897 0.0875163376331  
-0.432312369347 -0.996842801571 -0.792224109173  
0.270851045847 -0.328271210194 -0.358402431011  
1.73464751244 -0.121402807534 0.134771451354  
1.92171621323 0.690291106701 -0.205634444952  
1.65136528015 0.893606245518 -0.806855916977  
0.208652168512 0.662206113338 -0.881919801235  
0.684677898884 0.0777744799852 -0.383297473192  
0.301991373301 0.174203053117 0.40179169178  
0.302719473839 0.467762261629 -0.296580374241  
-0.139227643609 0.933335959911 0.129001691937  
-0.0994020923972 1.57256150246 0.271234840155  
-0.379525572062 0.486830115318 0.310358315706  
-0.0281224139035 -0.326386153698 -1.23212754726  
0.363143503666 0.0573107004166 -0.405350923538  
0.275725483894 0.450022339821 -0.100827999413  
-0.0400139838457 -0.0853687077761 -0.619226932526  
-1.23430132866 0.164983451366 -0.794441223145  
-0.812217354774 -0.197219625115 -0.900121629238  
-0.803450882435 -0.556548416615 -1.06374442577  
0.09249227494 -1.18914818764 -1.08292710781  
-0.420976877213 -1.65373933315 -1.47431600094  
-0.477567106485 -1.78816437721 -0.93139064312  
-0.591531693935 -1.17139828205 -0.992289125919  
-0.603299677372 -1.24783825874 -0.463670939207  
-0.596654772758 -1.75423538685 -1.14939141273  
-0.236545860767 -2.07784986496 -0.379364103079  
-0.264893949032 -2.19394779205 -0.343497306108  
-0.467262685299 -2.97036314011 -0.549360573292  
-1.0001732111 -2.34154653549 -0.330993741751  
-0.722218513489 -2.0198404789 -0.158188864589  
-1.14980781078 -1.30412983894 -0.378062218428  
-1.58387124538 -1.08873772621 -0.161556303501  
-0.550930798054 -1.80743014812 -0.67957085371  
-0.199531659484 -0.859097540379 -0.992675483227  
0.338671386242 -0.406638592482 -1.34094071388  
-0.196177393198 -0.349109023809 -0.97846442461  
-0.0341279916465 -0.429348111153 -0.963809192181  
-0.425297141075 0.0802184790373 -0.675996303558  
-0.717060208321 0.152532547712 -0.69970792532  
-0.809932053089 -0.0220284052193 -0.462968617678  
-0.375595271587 -0.240777552128 -0.751239061356  
0.00726756174117 -0.0894495397806 -0.642383217812  
1.51546692848 -0.148469150066 0.553103625774  
1.86906552315 0.305038690567 -0.375366657972  
1.11378395557 1.00237452984 -0.0835436061025  
1.03711462021 0.62657815218 -0.502843737602  
0.589630424976 0.216553807259 -0.756928682327  
0.932885468006 -0.581966876984 -0.570371687412  
0.19331330061 -0.0859625935555 0.22520057857  
0.807932972908 0.393800854683 0.537772476673  
-0.17028953135 0.943846166134 0.129707887769  
-0.570332288742 0.1749740839 -0.715789973736  
-0.451702684164 0.279858827591 -0.453691095114  
-0.291380435228 -0.0431298539042 -0.457118868828  
-0.126681566238 0.231467306614 -0.393737465143  
-1.03063523769 0.213919833302 -0.0693413764238  
-1.08059072495 -0.355963468552 -0.0562697127461  
-0.639917433262 -0.924353718758 -0.243057787418  
-0.701484620571 -0.788063406944 -0.712450802326  
0.290830612183 -0.771614909172 -1.43403708935  
0.107420995831 -1.07802569866 -1.34855890274  
0.195038124919 -1.13714694977 -1.15481686592  
-0.37844145298 -1.07287991047 -0.42328915  
-0.0960661098361 -1.12697780132 -0.0715789794922  
0.0340270213783 -0.908235311508 -0.469339728355  
0.0159735046327 -1.7477684021 -0.591540336609  
-0.710500121117 -1.8029088974 -0.668753445148  
0.19524307549 -2.29722929001 -0.761088311672  
-0.622008442879 -2.55582308769 -0.0441337451339  
-1.31540620327 -1.45886492729 0.0861556380987  
-1.19668292999 -1.40011489391 -0.495749294758  
-1.1878246069 -1.14056134224 -0.698852956295  
0.423906624317 -0.924721896648 -0.777822136879  
-0.0978370010853 -1.1558932066 -1.41383087635  
-0.211368054152 -0.777360320091 -1.4668585062  
-0.237147182226 -0.393208771944 -0.693336725235  
0.214003264904 -0.16338904202 -1.1574729681  
0.0669433549047 0.421357005835 -1.01421368122  
-0.24120478332 -0.491311252117 -0.842772841454  
-0.487286031246 -0.455059349537 -0.246210813522  
-0.305188894272 -0.270562857389 -0.272033065557  
0.0238113105297 0.114478603005 -0.669017314911  
0.779080629349 0.95703214407 0.560811758041  
1.34036946297 0.913303852081 -0.0729413926601  
1.08561885357 0.440052837133 -1.02195000648  
1.28274571896 0.382104724646 -1.35797786713  
0.937919199467 -0.211410596967 -0.75086671114  
0.591113090515 -0.594812750816 -0.717559218407  
0.350721269846 -0.725963115692 -0.64453291893  
0.438160926104 -0.523996710777 -0.775048911572  
-0.0769188329577 0.243857488036 -1.46567082405  
0.301609694958 -0.347201019526 -0.975724518299  
-0.310189753771 0.0952159836888 -0.843133509159  
-0.450177520514 0.281129688025 -0.426086038351  
-0.361359298229 0.293795108795 -0.112021371722  
-0.96251642704 -0.5046043396 -0.122022971511  
-1.40038621426 -0.825576364994 -0.0206254795194  
-1.08403944969 -0.52638977766 -0.811483085155  
-1.08603060246 -0.700150668621 -1.31378674507  
-0.491695523262 -0.446273505688 -1.60073637962  
-0.369827061892 -0.428564250469 -1.00727009773  
0.0746988430619 -1.17468285561 -0.872210502625  
0.0558021441102 -1.18619501591 -0.897619068623  
-0.293926298618 -0.879257678986 -0.348518490791  
0.154385983944 -0.830860555172 -0.177684664726  
-0.0764764472842 -1.46588933468 -0.266576260328  
-0.861020803452 -1.44841432571 -0.472626596689  
-0.516212165356 -1.77139699459 -0.358782440424  
-0.790999948978 -1.53292942047 -0.396069288254  
-0.941118717194 -1.37156248093 -0.68857729435  
-0.80404227972 -1.41590690613 -0.463349640369  
-0.759193658829 -1.4339325428 -0.849933981895  
0.226290524006 -0.61608672142 -0.218822866678  
-0.986281335354 -0.966740012169 -0.759283006191  
-0.673136651516 -0.499130934477 -1.25814199448  
-0.247613564134 -0.180833667517 -1.23132061958  
0.0963892564178 -0.4704169631 -0.826612472534  
-0.114208705723 -0.16245919466 -0.854061126709  
-0.0470184162259 -0.88308519125 -0.479087799788  
-0.495876938105 -0.492523014545 -0.360803425312  
-0.599260032177 -0.524692058563 -0.37976115942  
-0.181048676372 -0.322335153818 -0.296058505774  
0.87696659565 1.3239672184 0.386354506016  
0.920756816864 1.08867132664 -0.281029939651  
1.25352561474 0.840369939804 -0.506730973721  
1.67825448513 -0.0899916365743 -0.858516156673  
1.75173330307 -0.617503881454 -0.813314914703  
0.898649394512 -0.812238037586 -0.621986865997  
0.762946486473 -0.781202733517 -1.01182186604  
1.0807299614 -0.583972513676 -0.56906825304  
0.610606431961 -0.522318780422 -0.903836429119  
1.02967774868 -1.21803462505 -0.607547163963  
0.202777087688 -0.802753925323 -0.383099406958  
0.00340631883591 -0.636273264885 -0.0368391908705  
-0.318158149719 -0.217114046216 -0.275169104338  
-0.935595393181 -1.11351597309 -0.797426700592  
-1.42383861542 -0.860643029213 -0.433380424976  
-0.703218579292 -0.516202330589 -0.774438381195  
-0.476402312517 -0.500672578812 -1.65581059456  
-0.886183857918 0.1481872648 -1.28412127495  
-0.294515192509 -0.573574006557 -0.320976823568  
-0.142402917147 -1.24734640121 -0.388374447823  
0.487166762352 -1.92819154263 -0.993587434292  
0.382872790098 -1.54787707329 -0.579652309418  
0.544032752514 -1.25184416771 -0.245146855712  
-0.168471649289 -1.49254834652 -0.787324428558  
-0.787379145622 -1.20223021507 -0.577488362789  
-1.35884189606 -1.76767539978 -0.148642927408  
-1.4388320446 -1.81930732727 -0.289554715157  
-1.41340661049 -1.91563224792 -0.21168127656  
-1.05964577198 -1.73805522919 -0.202942669392  
-0.396694988012 -1.69531202316 -0.136665552855  
-0.00889458041638 -0.789852976799 0.0880805253983  
-0.00433557154611 -0.40065202117 0.0919354259968  
-0.603715181351 -0.260728746653 -0.136148825288  
-0.314517855644 -0.159866005182 -0.513586580753  
0.279694914818 -1.06470036507 -0.859217047691  
0.0159013569355 -0.919523060322 -0.498170524836  
-0.423636376858 -0.846798479557 0.162300050259  
-0.342199265957 -0.779080748558 0.0489945039153  
-0.286772161722 -0.148129791021 -0.11081854254  
-0.216750964522 -0.187835276127 -0.574756979942  
0.550607025623 1.38148629665 -0.18669269979  
1.36178708076 1.12922263145 -0.173855602741  
1.65363538265 0.947313070297 -0.395716428757  
1.66617977619 -0.117805846035 -0.146502375603  
1.30096566677 -0.829423189163 0.700590729713  
1.12232780457 -1.19110774994 0.588708877563  
0.613201379776 -0.875233352184 -0.0569668225944  
0.520916283131 -0.850514352322 0.0479719303548  
0.487638026476 -0.860208392143 -0.704510629177  
0.580394089222 -1.35174179077 -0.398729562759  
1.06163048744 -0.835435569286 0.122469566762  
0.653021037579 -0.714370131493 0.664212226868  
-0.156734973192 -0.303122311831 -0.366640090942  
-0.268240481615 -1.13371014595 -0.773128211498  
-0.66043061018 -1.30439126492 -0.363062441349  
-0.402797192335 -0.872490227222 -0.807797193527  
-0.654586732388 -0.727815747261 -0.966712296009  
-0.508712828159 0.363350629807 -0.567929387093  
-0.892551541328 -0.136436343193 0.340205311775  
0.239909902215 -1.70648086071 0.106148310006  
0.848531365395 -1.88796782494 -0.356008350849  
0.615699589252 -0.925945401192 0.0495200045407  
0.333956152201 -1.44290757179 -0.0671360567212  
-0.268568634987 -1.85869586468 -0.373312592506  
-0.633525311947 -1.71162831783 -0.531609714031  
-0.531780064106 -1.84945631027 0.0432483144104  
-0.702599167824 -1.31269359589 0.00424150237814  
-0.914206504822 -1.07881224155 0.222475454211  
-0.836284697056 -1.45297288895 -0.0815458446741  
0.502202630043 -1.0360314846 -0.0599417388439  
0.283049464226 -0.751225948334 0.628251731396  
0.310681432486 -0.273907363415 0.327676147223  
-0.0250182896852 -0.403352618217 0.487419366837  
-0.225435167551 -1.13757455349 0.174933254719  
-0.434935599566 -1.2884196043 -0.162821039557  
-0.0324417427182 -1.0779299736 0.222667485476  
-0.136789500713 -1.03085160255 -0.0748373568058  
0.0776531770825 -0.889446794987 -0.52079731226  
0.44119182229 -0.505515933037 -0.181583970785  
0.454506993294 -0.499724596739 -0.108964160085  
0.868981301785 1.66782283783 0.0331358127296  
0.792824864388 1.10070216656 0.30082115531  
1.05179297924 0.970297574997 0.387186855078  
1.59264302254 0.201320365071 -0.200316175818  
1.16320502758 -0.127852037549 -0.289019733667  
0.81579297781 -0.535434603691 -0.0576335005462  
0.611872375011 -0.438230574131 0.145429819822  
0.419194221497 -0.683192849159 -0.249718993902  
0.344818592072 -0.598996520042 -1.05992054939  
0.413459956646 -0.656088232994 -0.946990132332  
0.37472692132 -0.805859863758 -1.01690495014  
0.566697120667 -0.725909471512 -0.539395034313  
0.415699928999 -0.582994639874 -0.505122005939  
-0.660608768463 -0.641392946243 -0.69519418478  
-0.321880102158 -0.878414213657 -0.330589264631  
-0.234157785773 -1.35065078735 -0.590708434582  
-0.274280309677 -1.99313747883 0.00597562734038  
-0.544845461845 -0.876740336418 0.157910525799  
-0.507683694363 -1.09283971786 0.690505921841  
0.155860766768 -2.01169514656 0.559272706509  
0.870529770851 -1.72464847565 0.551123201847  
0.178661048412 -1.11167192459 -0.0527791976929  
0.365302920341 -1.31436061859 -0.0571054182947  
0.111739948392 -1.1550052166 0.134753867984  
0.355749905109 -1.16883742809 -0.0849700570107  
-0.376420289278 -1.57748949528 0.15251301229  
-0.0929119437933 -1.17438387871 -0.253813385963  
-0.00548257865012 -0.326387435198 0.344865083694  
-0.405426830053 -0.726897060871 0.243842765689  
0.138925343752 -1.01156949997 -0.357739239931  
0.0777192339301 -0.591167032719 -0.218813806772  
0.403102874756 0.174314722419 -0.539603054523  
0.287324011326 -1.26373946667 0.842162251472  
0.209663391113 -1.96368956566 1.12445259094  
0.120857775211 -2.2795817852 -0.270351618528  
-0.30865329504 -2.18596720695 -0.624187469482  
-0.147041112185 -1.46790122986 -1.64832699299  
0.587846159935 -0.547026634216 -1.19702613354  
0.715461730957 -0.848201334476 -0.53746843338  
0.791516244411 -0.0759520456195 0.283914446831  
-0.215486302972 1.26711630821 -0.274915724993  
0.767425537109 0.904521763325 0.384888082743  
0.956487298012 0.114095792174 0.09309758991  
1.11881148815 -0.063077442348 -0.288748055696  
0.510152101517 0.0551237314939 0.0577328503132  
1.06889414787 0.326797813177 0.221118360758  
0.692105352879 -0.305279076099 0.259870857  
-0.308986723423 -1.04065239429 -0.364442259073  
0.763466000557 -0.430215924978 -0.774800896645  
0.397223860025 -0.985437273979 -0.922538816929  
0.540892779827 -0.768744111061 -0.366214215755  
0.816275119781 -0.538140416145 -1.03280591965  
0.831343054771 -0.257215261459 -0.737682819366  
0.283141881227 -0.411150157452 -0.889649868011  
0.178942292929 -1.03862524033 -0.548033595085  
0.162189990282 -1.8391828537 0.109584406018  
0.122768469155 -1.40264773369 0.0467391312122  
-0.649117350578 -1.0792953968 0.742837548256  
-0.108908265829 -1.52940642834 1.03113949299  
-0.039452213794 -1.8581237793 0.585237145424  
0.661424875259 -1.89017307758 0.485584080219  
0.868095099926 -2.09253239632 0.290806025267  
-0.00311152567156 -1.58811986446 0.18225876987  
0.377287179232 -1.78716003895 0.756133019924  
1.06666874886 -1.23014616966 0.556678712368  
0.503118395805 -2.0737452507 -0.00519365491346  
0.0612270757556 -1.85078108311 -0.495060354471  
0.117163345218 -0.827916324139 0.0991931930184  
0.115711592138 -0.572157561779 -0.0268108062446  
0.140424355865 -0.251596271992 -0.287416785955  
0.0937464311719 -0.0322430171072 -1.03515172005  
0.390902608633 0.20010612905 -1.72355866432  
-0.512826085091 -0.938779234886 -0.328919827938  
-0.355335831642 -1.89375293255 -0.306050717831  
-0.122079282999 -2.16133236885 -0.442686676979  
0.388419061899 -2.64381337166 -0.874337852001  
-0.0748598873615 -0.850567758083 -1.51325249672  
0.246312975883 -0.124650411308 -1.41133069992  
0.438735097647 -0.347623258829 -0.51591271162  
0.756440043449 -0.359053939581 0.609157025814  
0.574682474136 1.11924350262 0.0914741158485  
0.694010913372 0.198707565665 0.169245049357  
0.948609948158 0.0848135501146 -0.216944232583  
0.828381121159 -0.0774985104799 0.114472448826  
0.798782408237 0.324268251657 0.191124662757  
1.80884337425 -0.137694358826 -0.0723378360271  
0.621711730957 -0.568197190762 0.460424929857  
-0.213672846556 -0.789598345757 -0.183945029974  
0.138242304325 -1.05171740055 -0.295345693827  
0.537093758583 -0.903947591782 -0.641404509544  
0.674111068249 -0.636070609093 0.12619958818  
0.567701995373 -0.498398303986 -0.358855247498  
0.924088895321 -0.0261007733643 -0.799325466156  
0.701753437519 -0.279697388411 -0.769851267338  
-0.0985561013222 -1.12934875488 -0.592367827892  
0.1867338866 -1.40642023087 0.348145604134  
-0.18830473721 -1.53220558167 -0.709786474705  
-0.875639498234 -1.56635975838 0.600935518742  
0.234628871083 -1.48171460629 0.803311347961  
0.215697228909 -1.8536055088 1.06677508354  
0.598400354385 -2.1276371479 0.359445512295  
0.967997431755 -2.31866884232 0.43714684248  
0.795613527298 -1.7820943594 0.31013405323  
0.804458320141 -0.86894094944 0.433325767517  
0.497987598181 -1.28713488579 0.535039901733  
0.331499755383 -2.20281481743 0.0597881451249  
0.514214277267 -1.57172906399 0.184939861298  
0.0110366912559 -0.653170287609 -0.582486927509  
0.0798595920205 -0.382665425539 -0.362557381392  
0.299760371447 -0.039948284626 -0.610114812851  
-0.0450999066234 0.555589616299 -0.993057847023  
-0.496441066265 0.221681565046 -1.52014279366  
-0.429436862469 -0.658467590809 -1.51905298233  
-0.637546658516 -1.67446887493 -1.88604176044  
0.27633407712 -1.40657365322 -0.980670750141  
-0.177355512977 -1.20031321049 0.0102927358821  
-0.280473738909 -0.145538568497 -0.99927842617  
-0.0638016164303 -0.185080185533 -0.950448811054  
1.01191091537 -0.036931887269 -0.315587192774  
0.87309896946 0.152653977275 0.0640507638454  
0.3970656991 0.934763014317 -0.285329550505  
0.349299490452 0.587520003319 -0.0704256370664  
0.705389738083 -0.127755478024 0.0119608249515  
0.626695036888 -0.11909930408 -0.110880054533  
0.486461192369 -0.221835896373 -0.400549441576  
0.446391135454 -0.645044744015 -0.250588953495  
1.32416379452 -0.460336118937 0.0615100748837  
0.192899763584 -0.886615335941 -0.37166389823  
0.412811309099 -1.03009498119 -0.3954000175  
0.279582560062 -0.694293379784 -0.0387718640268  
0.325655043125 -0.231996402144 -0.0857905074954  
0.40249606967 -0.62283873558 -0.742017269135  
0.46909737587 -0.590963542461 -0.845720112324  
0.233380883932 -0.656993150711 -1.17932319641  
0.350613176823 -1.28217685223 -0.546051383018  
0.678307771683 -1.6651802063 -0.18768325448  
1.12057304382 -1.92405760288 -0.412249267101  
0.301992803812 -1.5792683363 -0.0679628923535  
-0.355972647667 -1.8914270401 0.265306353569  
0.0933132469654 -1.83725857735 0.855866968632  
0.675024807453 -2.22794747353 0.0527215972543  
0.70487177372 -1.92528522015 0.44430077076  
1.21600604057 -1.50953543186 0.654977619648  
0.845139145851 -0.938298165798 0.744219124317  
0.244367018342 -1.17311894894 0.646813571453  
0.481282323599 -1.42594027519 -0.202188417315  
0.561600923538 -0.98925614357 -0.730385124683  
0.879563212395 -0.597504496574 -0.81975620985  
0.623055756092 -0.462807118893 -0.898499429226  
0.67532813549 -0.601619780064 -1.00610995293  
-0.199216738343 0.186178207397 -0.879079520702  
0.0301672946662 0.00615575490519 -1.72415781021  
-0.0473112426698 -0.507429897785 -1.55452764034  
-0.480908185244 -1.72346007824 -1.69463860989  
-0.367076247931 -1.06550133228 -1.46700584888  
0.00578651204705 -0.373928397894 -0.764404416084  
0.241285026073 -0.469496935606 -1.34425866604  
-0.00837434083223 -0.406497329473 -1.28686285019  
0.48690572381 -0.340990483761 -0.384485691786  
1.23392736912 0.0373600944877 -0.00382261048071  
-0.281333655119 0.36756721139 -0.412054985762  
-0.234116539359 0.34133926034 -0.389022231102  
-0.499500244856 -0.440671235323 0.391878038645  
-0.30342310667 -0.176150768995 0.250141143799  
0.309435397387 0.436367660761 -0.576280117035  
-0.0328671187162 -0.439320802689 0.0033370112069  
0.543529570103 -0.857493460178 -0.238594889641  
0.291874408722 -1.30666804314 -0.569480717182  
0.779483914375 -1.4964517355 -0.962589561939  
0.628996610641 -0.989497959614 -0.0359934866428  
0.428235769272 -0.756998121738 -0.00167352485005  
0.58597266674 -0.898245155811 -0.564706921577  
0.0828893184662 -1.36891508102 -0.448455780745  
0.168097048998 -1.68511986732 -0.164665624499  
-0.0922170728445 -2.31174278259 0.719822585583  
0.128088638186 -1.93535244465 0.633206784725  
0.547947645187 -2.42145657539 -0.293923735619  
0.852862596512 -2.11917328835 0.250941604376  
0.396134465933 -2.32213664055 0.354790300131  
0.717680454254 -2.29993963242 0.776602625847  
0.524831354618 -1.66205596924 0.898728430271  
0.744239509106 -1.51268541813 1.04139590263  
0.67330378294 -1.57624959946 0.645198762417  
0.580936789513 -1.0393897295 -0.0253888852894  
-0.13947494328 -0.574352502823 -0.164030253887  
-0.316582024097 -1.26388382912 -0.194780737162  
-0.0596328191459 -1.53243255615 -0.309896558523  
0.0844368562102 -0.494591832161 -0.507745742798  
0.60749900341 -0.286537379026 -0.209446236491  
0.403078913689 -0.447542846203 -0.622705340385  
0.152311503887 -0.470560818911 -1.13046681881  
-0.13532923162 -0.37894231081 -1.31049120426  
0.0425637550652 -0.636986374855 -1.36644053459  
-0.168100491166 -2.49553704262 -1.54345798492  
-0.8040984869 -1.15343332291 -1.31704032421  
0.158565193415 -0.293877393007 -1.47564089298  
0.628356039524 -0.128822952509 -1.53509819508  
1.01588463783 -0.216571837664 -1.37863790989  
1.37674427032 -0.277685463428 -0.518029510975  
1.0891263485 0.010341912508 0.211133122444  
-0.532805204391 0.738807439804 -0.704517900944  
-0.440870434046 0.249521389604 0.13544934988  
-0.749371707439 0.302956134081 0.231953397393  
-0.37790954113 0.378095448017 0.418917298317  
0.0220809727907 -0.453475832939 0.258177399635  
-0.114940300584 -0.447274386883 0.259929567575  
0.0662952139974 -0.85285705328 -0.118549667299  
0.911198019981 -1.70572841167 -0.867772519588  
1.24783635139 -1.75840950012 -0.358587771654  
0.564601361752 -1.33505308628 -0.667990684509  
1.26721251011 -0.974908590317 -0.368445724249  
1.30841600895 -1.81132936478 0.00620516529307  
0.726079344749 -1.78043949604 0.468512475491  
0.368409842253 -2.26279163361 0.615271687508  
-0.270650684834 -2.03337144852 1.14255440235  
0.173780277371 -1.79684078693 0.0956974476576  
0.373844832182 -2.00499415398 0.178496390581  
0.872897922993 -2.03671717644 0.636942744255  
-0.0939795076847 -1.50233316422 0.601990997791  
0.738735496998 -1.62254500389 0.775284945965  
0.300382167101 -1.02118706703 0.49602240324  
0.476265877485 -1.40976440907 0.791323065758  
0.816580057144 -1.33531725407 0.905078530312  
0.921029865742 -1.56019592285 1.00176548958  
-0.0553491301835 -1.68415677547 0.916238069534  
0.363478779793 -2.17366576195 0.497811883688  
0.192477598786 -2.46885204315 -0.20505823195  
0.53553122282 -1.54697549343 -0.691972076893  
1.08440005779 -0.752815127373 -0.34062987566  
0.726480901241 -0.900345504284 -1.00062298775  
0.149444282055 -1.12294185162 -0.677068948746  
-0.09109801054 -0.0887454897165 -1.29182684422  
-0.368179738522 0.646494030952 -1.61173248291  
-0.211586266756 -0.787691950798 -1.23942899704  
0.638745725155 -0.422805994749 -1.29059278965  
1.06665372849 -0.413061261177 -0.943901717663  
0.908994555473 0.0618114806712 -0.824662864208  
1.38706886768 -0.0511722899973 -0.998974323273  
1.51992976665 0.206096798182 -0.282976567745  
1.28748142719 -0.120260998607 -0.298925042152  
-0.324282944202 0.835298895836 -0.41324403882  
-0.899459898472 0.449550628662 -0.498638659716  
-0.472806841135 0.722637176514 -0.38340356946  
0.0929408892989 0.446106076241 0.0061354781501  
-0.302145540714 -0.169738903642 0.093847297132  
-0.680425167084 -0.999140620232 1.13745176792  
-0.296720266342 -1.30293762684 0.491658657789  
0.51309543848 -1.2023640871 -0.0155329946429  
1.06618916988 -1.57200670242 0.0104025555775  
0.826435923576 -1.42994904518 -0.623849093914  
0.757046580315 -0.972414851189 -0.0117835113779  
0.835640370846 -0.392611056566 0.642828345299  
0.775639653206 -1.32621622086 0.738892972469  
0.132044821978 -1.40708434582 1.3102786541  
-0.154100999236 -1.44772028923 1.0230140686  
0.0166139304638 -1.65972077847 0.411603033543  
-0.103006727993 -2.06698894501 -0.0183285344392  
-0.420303106308 -1.86175489426 0.718392372131  
0.554467856884 -1.33581578732 0.533359050751  
1.15570914745 -1.67065048218 0.483789861202  
0.505865693092 -1.66752421856 1.06881546974  
1.12336289883 -1.42052876949 1.19180083275  
0.811382293701 -2.10246443748 1.05900466442  
0.596689343452 -1.77322292328 1.11722958088  
0.225813657045 -1.75639784336 1.51635324955  
1.01056265831 -2.28500676155 0.493647068739  
0.920140504837 -2.21346020699 -0.497051656246  
0.399504631758 -1.76323080063 -0.533240199089  
1.06583273411 -0.241295650601 -0.237596407533  
0.634880185127 -0.756999254227 -0.350776404142  
0.459950089455 -1.18004822731 -0.998821079731  
-0.00030040810816 -0.317253738642 -0.925072312355  
-0.114852264524 0.35800793767 -1.20958924294  
0.715841710567 -0.269111931324 -1.31667816639  
0.851941108704 0.0265423431993 -0.390559285879  
1.23109209538 -0.260333657265 -0.568013489246  
1.22055470943 0.0900125801563 -0.17176514864  
1.05894398689 0.384303480387 -0.323001533747  
1.13290774822 0.411011576653 -0.0536176972091  
1.28958523273 0.0671321675181 0.00198731385171  
-0.641366362572 0.848067581654 -1.05395102501  
-1.09235930443 0.265213638544 -0.316644638777  
-1.01106631756 0.454459667206 -0.724081218243  
-0.686954259872 0.915378928185 -0.54021191597  
-1.33042120934 0.0396842062473 -0.135846376419  
-1.11213302612 -0.774656891823 0.558352291584  
-0.691181778908 -0.574578225613 0.202597305179  
0.252691179514 -0.348649352789 -0.0419684387743  
1.06484436989 -1.29473876953 0.176286324859  
0.666008710861 -1.18176972866 -0.171195015311  
-0.293467402458 -0.794833183289 -0.017750384286  
0.362847387791 -0.112647801638 0.364282488823  
0.477357208729 -0.78425681591 0.743818044662  
0.30646532774 -0.802654922009 1.22348713875  
0.385563820601 -1.35046958923 1.13949811459  
0.328236311674 -1.70088148117 0.805958271027  
0.0960242152214 -1.64485192299 1.06785070896  
0.381110578775 -1.88904047012 1.19634246826  
1.0968747139 -1.55536985397 1.73597562313  
1.07725131512 -1.62445807457 1.42190539837  
1.11603045464 -1.34573459625 1.48288285732  
1.03822231293 -1.89581143856 1.46846675873  
0.511913299561 -1.73945987225 1.01621258259  
0.590235829353 -1.45545983315 0.410175859928  
0.691992759705 -1.76852166653 0.372413963079  
0.753283023834 -1.96845579147 0.306685060263  
0.957213759422 -1.51567089558 -0.824343562126  
0.602692484856 -1.35240530968 -0.962938785553  
0.607802808285 -0.795014679432 -0.597727239132  
0.479550600052 -0.635118365288 -0.191036760807  
0.681158900261 -1.10336327553 -0.33629655838  
0.0121028870344 -0.850082933903 -0.414529830217  
0.252339214087 0.0470351465046 -1.5832157135  
1.13695025444 0.141081750393 -0.999384999275  
1.20279407501 -0.134634122252 -0.678721606731  
1.33458042145 -0.190209105611 -0.767776310444  
1.07817983627 -0.166912704706 -0.731664419174  
0.939962923527 -0.0179930794984 -0.509803950787  
0.937768042088 0.0431797839701 -0.702771782875  
0.606451451778 0.226711675525 -0.900549709797  
-0.929829001427 0.10026204586 -0.921305775642  
-1.16885650158 0.28040009737 -0.118495061994  
-1.09689283371 -0.0161692276597 -0.305111765862  
-0.316398382187 0.143017187715 -0.47858607769  
-0.731613457203 -0.285592496395 -0.439031928778  
-0.637737691402 -0.496223717928 -0.212545663118  
-0.549924194813 -0.650380253792 -0.418385326862  
0.475931346416 -0.505488634109 -0.544294893742  
1.12151002884 -0.610137462616 -0.669596850872  
0.160112351179 -0.842890322208 -0.435138851404  
-0.512362957001 -0.719569504261 0.616184055805  
-0.383633822203 -1.15353989601 0.715595245361  
-0.265883207321 -1.45324957371 1.2514102459  
0.303908795118 -0.646462619305 1.30402600765  
0.307919621468 -1.27662920952 1.639996171  
0.874665260315 -1.35090708733 1.05682551861  
0.383647084236 -0.992740511894 0.994055509567  
-0.178912505507 -1.32357037067 1.44740736485  
0.727696835995 -1.89959979057 1.65281748772  
0.894749224186 -1.12238264084 1.6621414423  
1.13848757744 -1.29163885117 1.41028034687  
0.608770787716 -1.37558948994 0.775096297264  
1.36844015121 -2.15478253365 0.116942964494  
1.75547027588 -1.95649957657 -0.558920741081  
1.50724112988 -1.43649291992 -0.175107374787  
0.904226124287 -1.28975152969 -0.177406787872  
1.15871548653 -1.12009596825 -0.52530837059  
0.974202692509 -1.26568305492 -0.291826665401  
0.242704078555 -1.05486893654 -0.69052362442  
0.724529981613 -0.598414003849 -0.665171265602  
0.257088273764 -0.390307366848 -0.519769370556  
0.349671453238 -0.507576048374 -0.92010641098  
0.163604825735 -0.15085953474 -1.30498027802  
0.30784958601 -0.463092654943 -1.04228436947  
0.725234150887 0.160413205624 -0.890267372131  
0.752985537052 0.260351508856 -1.45112025738  
1.3052970171 -0.0299388952553 -1.23768663406  
0.988426446915 -0.369766831398 -0.982509195805  
0.93502086401 0.308605819941 -1.23076617718  
0.475149899721 0.490354299545 -1.07580435276  
-1.54407668114 0.380412817001 -0.573410928249  
-1.38688099384 0.140468761325 -0.38686183095  
-0.859658360481 -0.234613254666 -0.507027387619  
-0.887769043446 -0.0651934221387 -0.880592048168  
-0.581885695457 -0.819992899895 -0.653501808643  
-0.355282276869 -1.08242607117 -0.42821547389  
0.453692346811 -0.998643040657 -0.334313720465  
0.826985180378 -0.427931308746 -0.0741135850549  
0.447468608618 -0.47340708971 0.161724328995  
0.0665288046002 -0.917295455933 0.281660586596  
-0.330660790205 -1.14907944202 0.800852119923  
-0.592197239399 -1.17311358452 0.877790629864  
-0.612660169601 -1.86719071865 1.13995099068  
-0.0942711979151 -1.33718597889 1.3913397789  
1.05697500706 -0.977597057819 1.42900335789  
0.831060230732 -1.25210309029 0.68226069212  
0.524688124657 -0.544110476971 0.207071617246  
-0.046165484935 -0.177315533161 0.619579613209  
0.767122387886 -0.83775883913 0.477532148361  
0.662698984146 -0.996699154377 1.83924245834  
0.387366533279 -1.43577575684 0.877799749374  
0.298426836729 -2.08746242523 0.100814379752  
0.994578242302 -2.6459748745 -0.286231219769  
1.15981733799 -1.63828158379 -0.778968334198  
1.25698316097 -1.72004330158 -0.608032882214  
1.08525514603 -1.02645385265 -1.42059051991  
1.08103322983 -0.461477398872 -1.30597805977  
1.24327266216 -0.806267023087 -0.746399819851  
1.09038507938 -0.942720532417 -1.11494028568  
0.617274045944 -0.720750808716 -1.00945818424  
0.467993199825 -0.885618209839 -1.06201386452  
-0.0185194462538 -0.417225003242 -0.92745667696  
0.453304111958 -0.2800783813 -0.873172521591  
0.749172270298 -0.200025871396 -0.642161846161  
0.220756545663 0.251943081617 -0.473084449768  
0.688024699688 0.568266451359 -0.19643099606  
1.21336436272 0.250792682171 -0.509456336498  
1.41386044025 0.353067994118 -0.997893214226  
0.853407800198 0.0629517063498 -1.35181963444  
0.360312074423 0.782926023006 -1.33943903446  
